857 
9.794689e+14 5.136450e-07 1.041673e-08 
9.593613e+14 5.375358e-07 2.131886e-08 
9.396646e+14 5.625467e-07 3.272936e-08 
9.203722e+14 5.882876e-07 4.466629e-08 
9.014779e+14 6.149797e-07 5.714575e-08 
8.829696e+14 6.424104e-07 7.018792e-08 
8.648431e+14 6.710766e-07 8.381050e-08 
8.470869e+14 7.007837e-07 9.804000e-08 
8.296953e+14 7.314810e-07 1.128960e-07 
8.126624e+14 7.633508e-07 1.283994e-07 
7.959776e+14 7.961028e-07 1.445747e-07 
7.796353e+14 8.302761e-07 1.614442e-07 
7.636302e+14 8.656387e-07 1.790330e-07 
7.479520e+14 9.022245e-07 1.973700e-07 
7.325973e+14 9.400583e-07 2.164769e-07 
7.175562e+14 9.793260e-07 2.363856e-07 
7.028240e+14 1.019662e-06 2.571199e-07 
6.883957e+14 1.061393e-06 2.787032e-07 
6.742622e+14 1.102290e-06 3.011458e-07 
6.604189e+14 1.146826e-06 3.244745e-07 
6.468611e+14 1.195264e-06 3.487651e-07 
6.335803e+14 1.242726e-06 3.740529e-07 
6.205722e+14 1.291712e-06 4.003411e-07 
6.078325e+14 1.342254e-06 4.276588e-07 
5.953530e+14 1.394401e-06 4.560445e-07 
5.831310e+14 1.448184e-06 4.855259e-07 
5.711587e+14 1.501488e-06 5.161211e-07 
5.594321e+14 1.559007e-06 5.478658e-07 
5.479476e+14 1.650951e-06 5.811573e-07 
5.366976e+14 1.680285e-06 6.157102e-07 
5.256786e+14 1.742795e-06 6.512158e-07 
5.148870e+14 1.807181e-06 6.880337e-07 
5.043157e+14 1.873502e-06 7.262113e-07 
4.939626e+14 1.941794e-06 7.657809e-07 
4.838210e+14 2.012116e-06 8.067925e-07 
4.738876e+14 2.084709e-06 8.492864e-07 
4.641592e+14 2.159453e-06 8.933040e-07 
4.546295e+14 2.236272e-06 9.388982e-07 
4.452955e+14 2.315315e-06 9.861091e-07 
4.361540e+14 2.396620e-06 1.034978e-06 
4.271993e+14 2.480257e-06 1.085563e-06 
4.184293e+14 2.550051e-06 1.137734e-06 
4.098385e+14 2.638570e-06 1.191552e-06 
4.014240e+14 2.745596e-06 1.247399e-06 
3.931832e+14 2.839020e-06 1.305319e-06 
3.851107e+14 2.935526e-06 1.365215e-06 
3.772040e+14 3.034170e-06 1.427135e-06 
3.694603e+14 3.135026e-06 1.491118e-06 
3.618749e+14 3.239266e-06 1.557235e-06 
3.544452e+14 3.341770e-06 1.625496e-06 
3.471688e+14 3.451604e-06 1.695952e-06 
3.400411e+14 3.569243e-06 1.768775e-06 
3.330604e+14 3.684788e-06 1.844009e-06 
3.262222e+14 3.803603e-06 1.921682e-06 
3.195245e+14 3.925551e-06 2.001852e-06 
3.129650e+14 4.049982e-06 2.084568e-06 
3.065395e+14 4.178309e-06 2.169916e-06 
3.002459e+14 4.309965e-06 2.257959e-06 
2.940821e+14 4.445005e-06 2.348760e-06 
2.880443e+14 4.586157e-06 2.442435e-06 
2.821311e+14 4.727724e-06 2.539032e-06 
2.763386e+14 4.872938e-06 2.638614e-06 
2.706650e+14 5.021878e-06 2.741247e-06 
2.651086e+14 5.173848e-06 2.846990e-06 
2.596656e+14 5.331842e-06 2.955959e-06 
2.543344e+14 5.492696e-06 3.068236e-06 
2.491131e+14 5.657540e-06 3.183879e-06 
2.439986e+14 5.826488e-06 3.302996e-06 
2.389890e+14 5.999619e-06 3.425661e-06 
2.340828e+14 6.177900e-06 3.551958e-06 
2.292768e+14 6.359883e-06 3.682005e-06 
2.245700e+14 6.546386e-06 3.815860e-06 
2.199593e+14 6.738146e-06 3.953652e-06 
2.154433e+14 6.933699e-06 4.095462e-06 
2.110205e+14 7.133946e-06 4.241362e-06 
2.066880e+14 7.339019e-06 4.391482e-06 
2.024445e+14 7.548992e-06 4.545906e-06 
1.982885e+14 7.762932e-06 4.704711e-06 
1.942174e+14 7.982790e-06 4.868032e-06 
1.902303e+14 8.207796e-06 5.035950e-06 
1.863247e+14 8.438111e-06 5.208608e-06 
1.824992e+14 8.673374e-06 5.386095e-06 
1.787527e+14 8.915093e-06 5.568511e-06 
1.750827e+14 9.162503e-06 5.756019e-06 
1.714880e+14 9.415683e-06 5.948720e-06 
1.679676e+14 9.674708e-06 6.146712e-06 
1.645190e+14 9.939730e-06 6.350161e-06 
1.611416e+14 1.020910e-05 6.559131e-06 
1.578332e+14 1.048624e-05 6.773792e-06 
1.545927e+14 1.076974e-05 6.994267e-06 
1.514191e+14 1.105965e-05 7.220667e-06 
1.483103e+14 1.135614e-05 7.453172e-06 
1.452653e+14 1.165927e-05 7.691898e-06 
1.422831e+14 1.196912e-05 7.936955e-06 
1.393619e+14 1.228589e-05 8.188538e-06 
1.365006e+14 1.260964e-05 8.446765e-06 
1.336984e+14 1.294052e-05 8.711753e-06 
1.309534e+14 1.327910e-05 8.983714e-06 
1.282651e+14 1.362470e-05 9.262742e-06 
1.256317e+14 1.397816e-05 9.549050e-06 
1.230523e+14 1.433937e-05 9.842771e-06 
1.205262e+14 1.470859e-05 1.014404e-05 
1.180516e+14 1.508603e-05 1.045308e-05 
1.156279e+14 1.547180e-05 1.077004e-05 
1.132542e+14 1.586600e-05 1.109505e-05 
1.109289e+14 1.626882e-05 1.142837e-05 
1.086517e+14 1.668030e-05 1.177009e-05 
1.064210e+14 1.710065e-05 1.212048e-05 
1.042360e+14 1.752999e-05 1.247969e-05 
1.020962e+14 1.796841e-05 1.284785e-05 
1.000000e+14 1.841621e-05 1.322525e-05 
9.794710e+13 1.887553e-05 1.361201e-05 
9.593593e+13 1.933803e-05 1.400842e-05 
9.396646e+13 1.981344e-05 1.441447e-05 
9.203742e+13 2.029876e-05 1.483049e-05 
9.014779e+13 2.079423e-05 1.525672e-05 
8.829696e+13 2.129639e-05 1.569330e-05 
8.648431e+13 2.181307e-05 1.614040e-05 
8.470869e+13 2.234090e-05 1.659839e-05 
8.296952e+13 2.290621e-05 1.706771e-05 
8.126625e+13 2.346040e-05 1.754859e-05 
7.959776e+13 2.402646e-05 1.804114e-05 
7.796353e+13 2.460446e-05 1.854556e-05 
7.636302e+13 2.519442e-05 1.906204e-05 
7.479519e+13 2.579659e-05 1.959094e-05 
7.325957e+13 2.641100e-05 2.013246e-05 
7.175562e+13 2.703774e-05 2.068680e-05 
7.028256e+13 2.767707e-05 2.125426e-05 
6.883942e+13 2.832936e-05 2.183524e-05 
6.742622e+13 2.899459e-05 2.242977e-05 
6.604203e+13 2.967329e-05 2.303823e-05 
6.468611e+13 3.036611e-05 2.366098e-05 
6.335803e+13 3.107292e-05 2.429826e-05 
6.205736e+13 3.179428e-05 2.495027e-05 
6.078325e+13 3.253080e-05 2.561748e-05 
5.953530e+13 3.328275e-05 2.630012e-05 
5.831310e+13 3.398620e-05 2.699779e-05 
5.711587e+13 3.477240e-05 2.771098e-05 
5.594322e+13 3.557573e-05 2.844066e-05 
5.479476e+13 3.639632e-05 2.918711e-05 
5.366976e+13 3.723452e-05 2.995084e-05 
5.256786e+13 3.809041e-05 3.073214e-05 
5.148870e+13 3.896395e-05 3.153129e-05 
5.043157e+13 3.985548e-05 3.234884e-05 
4.939616e+13 4.076502e-05 3.318507e-05 
4.838210e+13 4.169271e-05 3.404026e-05 
4.738887e+13 4.264141e-05 3.491492e-05 
4.641582e+13 4.359601e-05 3.580950e-05 
4.546295e+13 4.456946e-05 3.672389e-05 
4.452964e+13 4.556249e-05 3.765868e-05 
4.361540e+13 4.657581e-05 3.861438e-05 
4.271993e+13 4.760986e-05 3.959131e-05 
4.184293e+13 4.866520e-05 4.058981e-05 
4.098385e+13 4.974246e-05 4.161053e-05 
4.014240e+13 5.084213e-05 4.265384e-05 
3.931832e+13 5.196385e-05 4.372007e-05 
3.851107e+13 5.312503e-05 4.481010e-05 
3.772040e+13 5.429352e-05 4.592428e-05 
3.694603e+13 5.548522e-05 4.706283e-05 
3.618749e+13 5.670045e-05 4.822647e-05 
3.544452e+13 5.793943e-05 4.941556e-05 
3.471688e+13 5.920212e-05 5.063047e-05 
3.400410e+13 6.048910e-05 5.187196e-05 
3.330596e+13 6.180070e-05 5.314040e-05 
3.262222e+13 6.313413e-05 5.443614e-05 
3.195252e+13 6.449869e-05 5.575986e-05 
3.129643e+13 6.588985e-05 5.711244e-05 
3.065395e+13 6.730756e-05 5.849388e-05 
3.002465e+13 6.875282e-05 5.990500e-05 
2.940822e+13 7.022644e-05 6.134655e-05 
2.880443e+13 7.172897e-05 6.281897e-05 
2.821311e+13 7.326086e-05 6.432271e-05 
2.763386e+13 7.482317e-05 6.585869e-05 
2.706650e+13 7.641622e-05 6.742741e-05 
2.651086e+13 7.804026e-05 6.902933e-05 
2.596656e+13 7.969616e-05 7.066543e-05 
2.543344e+13 8.138535e-05 7.233624e-05 
2.491131e+13 8.310519e-05 7.404222e-05 
2.439986e+13 8.485791e-05 7.578440e-05 
2.389890e+13 8.664385e-05 7.756329e-05 
2.340828e+13 8.846351e-05 7.937938e-05 
2.292768e+13 9.031803e-05 8.123378e-05 
2.245695e+13 9.220759e-05 8.312701e-05 
2.199593e+13 9.413284e-05 8.505960e-05 
2.154438e+13 9.609493e-05 8.703252e-05 
2.110200e+13 9.809516e-05 8.904695e-05 
2.066880e+13 1.001337e-04 9.110284e-05 
2.024449e+13 1.022121e-04 9.320143e-05 
1.982885e+13 1.043316e-04 9.534379e-05 
1.942174e+13 1.064931e-04 9.753055e-05 
1.902303e+13 1.086974e-04 9.976236e-05 
1.863247e+13 1.109457e-04 1.020406e-04 
1.824992e+13 1.132388e-04 1.043659e-04 
1.787527e+13 1.155746e-04 1.067390e-04 
1.750827e+13 1.179593e-04 1.091613e-04 
1.714881e+13 1.203905e-04 1.116336e-04 
1.679676e+13 1.228687e-04 1.141565e-04 
1.645190e+13 1.253949e-04 1.167316e-04 
1.611412e+13 1.279588e-04 1.193595e-04 
1.578332e+13 1.305445e-04 1.220405e-04 
1.545927e+13 1.331780e-04 1.247759e-04 
1.514187e+13 1.358600e-04 1.275665e-04 
1.483103e+13 1.385919e-04 1.304129e-04 
1.452656e+13 1.413755e-04 1.333166e-04 
1.422828e+13 1.442133e-04 1.362791e-04 
1.393619e+13 1.471059e-04 1.393005e-04 
1.365009e+13 1.500556e-04 1.423824e-04 
1.336984e+13 1.530648e-04 1.455265e-04 
1.309534e+13 1.564974e-04 1.487374e-04 
1.282651e+13 1.596582e-04 1.520164e-04 
1.256317e+13 1.628828e-04 1.553619e-04 
1.230523e+13 1.661656e-04 1.587749e-04 
1.205262e+13 1.695107e-04 1.622563e-04 
1.180516e+13 1.729197e-04 1.658082e-04 
1.156279e+13 1.763964e-04 1.694314e-04 
1.132542e+13 1.799365e-04 1.731271e-04 
1.109289e+13 1.835435e-04 1.768972e-04 
1.086515e+13 1.872177e-04 1.807429e-04 
1.064210e+13 1.909595e-04 1.846651e-04 
1.042362e+13 1.947706e-04 1.886656e-04 
1.020959e+13 1.986536e-04 1.927468e-04 
1.000000e+13 2.026085e-04 1.969084e-04 
9.794711e+12 2.066380e-04 2.011529e-04 
9.593593e+12 2.107923e-04 2.054831e-04 
9.396646e+12 2.145546e-04 2.098945e-04 
9.203743e+12 2.188515e-04 2.143895e-04 
9.014780e+12 2.232370e-04 2.189750e-04 
8.829696e+12 2.277074e-04 2.236524e-04 
8.648431e+12 2.322631e-04 2.284229e-04 
8.470869e+12 2.369067e-04 2.332893e-04 
8.296952e+12 2.416380e-04 2.382530e-04 
8.126624e+12 2.464578e-04 2.433152e-04 
7.959776e+12 2.513622e-04 2.484787e-04 
7.796353e+12 2.563624e-04 2.537451e-04 
7.636301e+12 2.614537e-04 2.591155e-04 
7.479520e+12 2.664587e-04 2.645912e-04 
7.325957e+12 2.716917e-04 2.701732e-04 
7.175562e+12 2.770229e-04 2.758640e-04 
7.028255e+12 2.824570e-04 2.816666e-04 
6.883942e+12 2.879927e-04 2.875841e-04 
6.742622e+12 2.936335e-04 2.936164e-04 
6.604203e+12 2.993823e-04 2.997667e-04 
6.468611e+12 3.051421e-04 3.060371e-04 
6.335803e+12 3.111114e-04 3.124291e-04 
6.205736e+12 3.171938e-04 3.189455e-04 
6.078325e+12 3.233916e-04 3.255899e-04 
5.953530e+12 3.297068e-04 3.323641e-04 
5.831310e+12 3.361401e-04 3.392698e-04 
5.711587e+12 3.426951e-04 3.463110e-04 
5.594322e+12 3.493727e-04 3.534894e-04 
5.479476e+12 3.561736e-04 3.608068e-04 
5.366976e+12 3.631012e-04 3.682674e-04 
5.256786e+12 3.701562e-04 3.758731e-04 
5.148869e+12 3.773396e-04 3.836256e-04 
5.043157e+12 3.846541e-04 3.915293e-04 
4.939616e+12 3.921019e-04 3.995861e-04 
4.838210e+12 3.996843e-04 4.077980e-04 
4.738887e+12 4.074059e-04 4.161686e-04 
4.641582e+12 4.152715e-04 4.247026e-04 
4.546295e+12 4.232801e-04 4.333995e-04 
4.452964e+12 4.314358e-04 4.422640e-04 
4.361540e+12 4.397428e-04 4.513003e-04 
4.271993e+12 4.482024e-04 4.605104e-04 
4.184293e+12 4.568172e-04 4.698966e-04 
4.098385e+12 4.655923e-04 4.794642e-04 
4.014240e+12 4.745285e-04 4.892156e-04 
3.931832e+12 4.836292e-04 4.991529e-04 
3.851107e+12 4.928990e-04 5.092819e-04 
3.772040e+12 5.023405e-04 5.196049e-04 
3.694604e+12 5.119559e-04 5.301245e-04 
3.618749e+12 5.217507e-04 5.408465e-04 
3.544452e+12 5.318847e-04 5.517753e-04 
3.471688e+12 5.420718e-04 5.629136e-04 
3.400410e+12 5.524478e-04 5.742664e-04 
3.330596e+12 5.630156e-04 5.858364e-04 
3.262222e+12 5.737771e-04 5.976265e-04 
3.195252e+12 5.847393e-04 6.096418e-04 
3.129643e+12 5.959080e-04 6.218893e-04 
3.065395e+12 6.072806e-04 6.343679e-04 
3.002466e+12 6.188662e-04 6.470847e-04 
2.940822e+12 6.306680e-04 6.600453e-04 
2.880443e+12 6.423729e-04 6.732498e-04 
2.821311e+12 6.546230e-04 6.867014e-04 
2.763386e+12 6.671055e-04 7.004109e-04 
2.706650e+12 6.798243e-04 7.143818e-04 
2.651086e+12 6.927834e-04 7.286176e-04 
2.596656e+12 7.059877e-04 7.431262e-04 
2.543344e+12 7.205454e-04 7.579228e-04 
2.491131e+12 7.340944e-04 7.730093e-04 
2.439986e+12 7.478871e-04 7.883810e-04 
2.389890e+12 7.619258e-04 8.040414e-04 
2.340828e+12 7.762175e-04 8.199940e-04 
2.292768e+12 7.907694e-04 8.362474e-04 
2.245695e+12 8.055881e-04 8.528055e-04 
2.199593e+12 8.206805e-04 8.696720e-04 
2.154438e+12 8.360555e-04 8.868546e-04 
2.110200e+12 8.517234e-04 9.043627e-04 
2.066880e+12 8.676837e-04 9.221953e-04 
2.024449e+12 8.839458e-04 9.403620e-04 
1.982885e+12 9.005178e-04 9.588711e-04 
1.942174e+12 9.174068e-04 9.777274e-04 
1.902303e+12 9.346182e-04 9.969353e-04 
1.863247e+12 9.538882e-04 1.016524e-03 
1.824992e+12 9.719154e-04 1.036499e-03 
1.787527e+12 9.902698e-04 1.056849e-03 
1.750827e+12 1.008961e-03 1.077586e-03 
1.714881e+12 1.027989e-03 1.098714e-03 
1.679676e+12 1.047358e-03 1.120238e-03 
1.645190e+12 1.067079e-03 1.142170e-03 
1.611413e+12 1.087156e-03 1.164515e-03 
1.578332e+12 1.107593e-03 1.187277e-03 
1.545927e+12 1.128404e-03 1.210470e-03 
1.514187e+12 1.149597e-03 1.234098e-03 
1.483103e+12 1.171175e-03 1.258168e-03 
1.452656e+12 1.193153e-03 1.282689e-03 
1.422828e+12 1.215537e-03 1.307675e-03 
1.393619e+12 1.238331e-03 1.333125e-03 
1.365009e+12 1.261548e-03 1.359052e-03 
1.336984e+12 1.285197e-03 1.385468e-03 
1.309534e+12 1.309285e-03 1.412379e-03 
1.282651e+12 1.333820e-03 1.439792e-03 
1.256317e+12 1.358816e-03 1.467721e-03 
1.230523e+12 1.384276e-03 1.496173e-03 
1.205262e+12 1.410208e-03 1.525156e-03 
1.180516e+12 1.436629e-03 1.554684e-03 
1.156279e+12 1.463543e-03 1.584766e-03 
1.132542e+12 1.490954e-03 1.615408e-03 
1.109289e+12 1.518879e-03 1.646627e-03 
1.086515e+12 1.547325e-03 1.678431e-03 
1.064209e+12 1.576298e-03 1.710827e-03 
1.042362e+12 1.605816e-03 1.743830e-03 
1.020959e+12 1.635895e-03 1.777458e-03 
1.000000e+12 1.666529e-03 1.811708e-03 
9.794710e+11 1.697737e-03 1.846600e-03 
9.593593e+11 1.729536e-03 1.882153e-03 
9.396646e+11 1.761921e-03 1.918364e-03 
9.203743e+11 1.794911e-03 1.955253e-03 
9.014780e+11 1.828521e-03 1.992837e-03 
8.829695e+11 1.862753e-03 2.031124e-03 
8.648431e+11 1.897620e-03 2.070124e-03 
8.470869e+11 1.933139e-03 2.109858e-03 
8.296953e+11 1.969316e-03 2.150336e-03 
8.126625e+11 2.006158e-03 2.191567e-03 
7.959776e+11 2.043681e-03 2.233574e-03 
7.796353e+11 2.081896e-03 2.276366e-03 
7.636302e+11 2.120804e-03 2.319953e-03 
7.479520e+11 2.160426e-03 2.364360e-03 
7.325957e+11 2.200774e-03 2.409596e-03 
7.175563e+11 2.241854e-03 2.455672e-03 
7.028256e+11 2.283685e-03 2.502608e-03 
6.883942e+11 2.326285e-03 2.550430e-03 
6.742622e+11 2.369652e-03 2.599133e-03 
6.604203e+11 2.413808e-03 2.648743e-03 
6.468611e+11 2.458771e-03 2.699284e-03 
6.335803e+11 2.504556e-03 2.750765e-03 
6.205736e+11 2.551167e-03 2.803200e-03 
6.078325e+11 2.598632e-03 2.856616e-03 
5.953530e+11 2.646965e-03 2.911025e-03 
5.831310e+11 2.706063e-03 2.966543e-03 
5.711587e+11 2.756249e-03 3.023200e-03 
5.594321e+11 2.807399e-03 3.080909e-03 
5.479476e+11 2.859523e-03 3.139682e-03 
5.366976e+11 2.912652e-03 3.199554e-03 
5.256786e+11 2.966793e-03 3.260538e-03 
5.148870e+11 3.021959e-03 3.322649e-03 
5.043157e+11 3.078180e-03 3.385922e-03 
4.939616e+11 3.135468e-03 3.450373e-03 
4.838210e+11 3.193829e-03 3.516016e-03 
4.738887e+11 3.253284e-03 3.582881e-03 
4.641582e+11 3.313862e-03 3.651005e-03 
4.546295e+11 3.375552e-03 3.720383e-03 
4.452964e+11 3.438382e-03 3.791053e-03 
4.361540e+11 3.502383e-03 3.863045e-03 
4.271993e+11 3.552631e-03 3.936222e-03 
4.184293e+11 3.618544e-03 4.010597e-03 
4.098385e+11 3.685693e-03 4.086360e-03 
4.014241e+11 3.754085e-03 4.163528e-03 
3.931832e+11 3.823751e-03 4.242120e-03 
3.851107e+11 3.894727e-03 4.322179e-03 
3.772039e+11 3.967026e-03 4.403725e-03 
3.694603e+11 4.040663e-03 4.486775e-03 
3.618749e+11 4.115679e-03 4.571376e-03 
3.544452e+11 4.192095e-03 4.657547e-03 
3.471688e+11 4.269932e-03 4.745310e-03 
3.400410e+11 4.349232e-03 4.834711e-03 
3.330596e+11 4.430015e-03 4.925773e-03 
3.262222e+11 4.512299e-03 5.018517e-03 
3.195252e+11 4.596131e-03 5.112983e-03 
3.129643e+11 4.681538e-03 5.209225e-03 
3.065395e+11 4.768520e-03 5.307235e-03 
3.002466e+11 4.857117e-03 5.407065e-03 
2.940822e+11 4.947365e-03 5.508761e-03 
2.880443e+11 5.039285e-03 5.612347e-03 
2.821311e+11 5.132897e-03 5.717846e-03 
2.763386e+11 5.228242e-03 5.825316e-03 
2.706650e+11 5.325358e-03 5.934782e-03 
2.651086e+11 5.424243e-03 6.046269e-03 
2.596656e+11 5.524964e-03 6.159839e-03 
2.543344e+11 5.627521e-03 6.275517e-03 
2.491131e+11 5.731940e-03 6.393330e-03 
2.439986e+11 5.838288e-03 6.513341e-03 
2.389890e+11 5.946577e-03 6.635578e-03 
2.340828e+11 6.056827e-03 6.760069e-03 
2.292768e+11 6.169110e-03 6.886882e-03 
2.245695e+11 6.283454e-03 7.016045e-03 
2.199593e+11 6.399863e-03 7.147588e-03 
2.154438e+11 6.518411e-03 7.281567e-03 
2.110200e+11 6.639155e-03 7.418057e-03 
2.066880e+11 6.762068e-03 7.557046e-03 
2.024449e+11 6.887244e-03 7.698607e-03 
1.982885e+11 7.014719e-03 7.842804e-03 
1.942174e+11 7.144523e-03 7.989669e-03 
1.902303e+11 7.276705e-03 8.139236e-03 
1.863247e+11 7.411308e-03 8.291586e-03 
1.824992e+11 7.548376e-03 8.446754e-03 
1.787527e+11 7.687958e-03 8.604775e-03 
1.750827e+11 7.830118e-03 8.765735e-03 
1.714881e+11 7.974880e-03 8.929671e-03 
1.679676e+11 8.122284e-03 9.096620e-03 
1.645190e+11 8.272436e-03 9.266672e-03 
1.611412e+11 8.425342e-03 9.439869e-03 
1.578332e+11 8.581059e-03 9.616247e-03 
1.545927e+11 8.739672e-03 9.795905e-03 
1.514187e+11 8.901206e-03 9.978883e-03 
1.483103e+11 9.065717e-03 1.016522e-02 
1.452656e+11 9.233267e-03 1.035501e-02 
1.422828e+11 9.403984e-03 1.054834e-02 
1.393619e+11 9.577807e-03 1.074521e-02 
1.365009e+11 9.754851e-03 1.094571e-02 
1.336984e+11 9.935250e-03 1.114995e-02 
1.309534e+11 1.011900e-02 1.135796e-02 
1.282651e+11 1.030614e-02 1.156979e-02 
1.256317e+11 1.049683e-02 1.178557e-02 
1.230523e+11 1.069105e-02 1.200534e-02 
1.205262e+11 1.088889e-02 1.222915e-02 
1.180516e+11 1.109045e-02 1.245713e-02 
1.156279e+11 1.129578e-02 1.268933e-02 
1.132542e+11 1.150491e-02 1.292580e-02 
1.109290e+11 1.171799e-02 1.316668e-02 
1.086515e+11 1.193501e-02 1.341202e-02 
1.064209e+11 1.215609e-02 1.366188e-02 
1.042362e+11 1.238128e-02 1.391636e-02 
1.020959e+11 1.261072e-02 1.417562e-02 
1.000000e+11 1.284438e-02 1.443962e-02 
9.794711e+10 1.308237e-02 1.470851e-02 
9.593592e+10 1.332482e-02 1.498245e-02 
9.396646e+10 1.357170e-02 1.526140e-02 
9.203743e+10 1.382319e-02 1.554552e-02 
9.014780e+10 1.407935e-02 1.583494e-02 
8.829696e+10 1.434024e-02 1.612972e-02 
8.648431e+10 1.460591e-02 1.642993e-02 
8.470869e+10 1.487653e-02 1.673573e-02 
8.296953e+10 1.515212e-02 1.704720e-02 
8.126625e+10 1.543277e-02 1.736441e-02 
7.959776e+10 1.571861e-02 1.768752e-02 
7.796353e+10 1.600973e-02 1.801662e-02 
7.636301e+10 1.630618e-02 1.835178e-02 
7.479520e+10 1.660811e-02 1.869318e-02 
7.325957e+10 1.691558e-02 1.904090e-02 
7.175562e+10 1.720873e-02 1.939481e-02 
7.028255e+10 1.752793e-02 1.975508e-02 
6.883942e+10 1.785324e-02 2.012211e-02 
6.742622e+10 1.818470e-02 2.049587e-02 
6.604203e+10 1.852233e-02 2.087657e-02 
6.468611e+10 1.886645e-02 2.126438e-02 
6.335803e+10 1.921707e-02 2.165940e-02 
6.205736e+10 1.957422e-02 2.206171e-02 
6.078325e+10 1.993821e-02 2.247155e-02 
5.953530e+10 2.030899e-02 2.288901e-02 
5.831310e+10 2.068673e-02 2.331419e-02 
5.711587e+10 2.107157e-02 2.374733e-02 
5.594322e+10 2.146368e-02 2.418852e-02 
5.479476e+10 2.186310e-02 2.463787e-02 
5.366976e+10 2.227006e-02 2.509564e-02 
5.256786e+10 2.268459e-02 2.556193e-02 
5.148869e+10 2.310680e-02 2.603685e-02 
5.043157e+10 2.353697e-02 2.652066e-02 
4.939615e+10 2.397513e-02 2.701347e-02 
4.838210e+10 2.442142e-02 2.751541e-02 
4.738887e+10 2.487597e-02 2.802668e-02 
4.641582e+10 2.533899e-02 2.854759e-02 
4.546295e+10 2.581051e-02 2.907808e-02 
4.452964e+10 2.629076e-02 2.961844e-02 
4.361540e+10 2.677986e-02 3.016891e-02 
4.271992e+10 2.727801e-02 3.072962e-02 
4.184293e+10 2.778527e-02 3.130070e-02 
4.098385e+10 2.830192e-02 3.188245e-02 
4.014240e+10 2.882801e-02 3.247503e-02 
3.931832e+10 2.936370e-02 3.307855e-02 
3.851107e+10 2.990926e-02 3.369336e-02 
3.772040e+10 3.046483e-02 3.431958e-02 
3.694603e+10 3.103046e-02 3.495737e-02 
3.618749e+10 3.160645e-02 3.560706e-02 
3.544452e+10 3.219297e-02 3.626882e-02 
3.471688e+10 3.279002e-02 3.694278e-02 
3.400410e+10 3.339805e-02 3.762931e-02 
3.330596e+10 3.395103e-02 3.832788e-02 
3.262222e+10 3.458054e-02 3.903864e-02 
3.195252e+10 3.522172e-02 3.976258e-02 
3.129643e+10 3.587512e-02 4.050011e-02 
3.065395e+10 3.654056e-02 4.125115e-02 
3.002465e+10 3.721845e-02 4.201613e-02 
2.940822e+10 3.790903e-02 4.279538e-02 
2.880443e+10 3.861254e-02 4.358910e-02 
2.821310e+10 3.932901e-02 4.439745e-02 
2.763386e+10 4.005900e-02 4.522090e-02 
2.706651e+10 4.080253e-02 4.605963e-02 
2.651086e+10 4.155984e-02 4.691383e-02 
2.596656e+10 4.233121e-02 4.778398e-02 
2.543344e+10 4.311703e-02 4.867029e-02 
2.491131e+10 4.391740e-02 4.957295e-02 
2.439986e+10 4.473263e-02 5.049246e-02 
2.389890e+10 4.556311e-02 5.142905e-02 
2.340828e+10 4.640896e-02 5.238292e-02 
2.292768e+10 4.727044e-02 5.335460e-02 
2.245695e+10 4.814810e-02 5.434432e-02 
2.199593e+10 4.904192e-02 5.535231e-02 
2.154438e+10 4.995231e-02 5.637901e-02 
2.110200e+10 5.087986e-02 5.742499e-02 
2.066880e+10 5.182418e-02 5.849017e-02 
2.024449e+10 5.278614e-02 5.957512e-02 
1.982885e+10 5.376594e-02 6.068032e-02 
1.942174e+10 5.476397e-02 6.180603e-02 
1.902303e+10 5.578030e-02 6.295252e-02 
1.863247e+10 5.681553e-02 6.412041e-02 
1.824992e+10 5.786993e-02 6.530998e-02 
1.787527e+10 5.894371e-02 6.652149e-02 
1.750827e+10 6.003751e-02 6.775561e-02 
1.714881e+10 6.115146e-02 6.901263e-02 
1.679676e+10 6.228599e-02 7.029284e-02 
1.645190e+10 6.344145e-02 7.159694e-02 
1.611412e+10 6.461844e-02 7.292523e-02 
1.578332e+10 6.581715e-02 7.427802e-02 
1.545927e+10 6.703813e-02 7.565605e-02 
1.514187e+10 6.828190e-02 7.705964e-02 
1.483103e+10 6.954850e-02 7.848912e-02 
1.452656e+10 7.083873e-02 7.994512e-02 
1.422828e+10 7.215323e-02 8.142845e-02 
1.393619e+10 7.349213e-02 8.293898e-02 
1.365009e+10 7.485577e-02 8.447755e-02 
1.336984e+10 7.624511e-02 8.604483e-02 
1.309534e+10 7.766030e-02 8.764120e-02 
1.282651e+10 7.910186e-02 8.926703e-02 
1.256317e+10 8.057044e-02 9.092321e-02 
1.230523e+10 8.206663e-02 9.261015e-02 
1.205262e+10 8.359049e-02 9.432823e-02 
1.180516e+10 8.514307e-02 9.607841e-02 
1.156279e+10 8.672482e-02 9.786109e-02 
1.132542e+10 8.833603e-02 9.967670e-02 
1.109289e+10 8.997766e-02 1.015262e-01 
1.086515e+10 9.164998e-02 1.034102e-01 
1.064210e+10 9.335346e-02 1.053289e-01 
1.042362e+10 9.508900e-02 1.072833e-01 
1.020959e+10 9.685736e-02 1.092744e-01 
1.000000e+10 9.865866e-02 1.113022e-01 
9.794689e+09 1.004938e-01 1.133679e-01 
9.593614e+09 1.023633e-01 1.154718e-01 
9.396646e+09 1.042680e-01 1.176151e-01 
9.203743e+09 1.062083e-01 1.197980e-01 
9.014779e+09 1.081849e-01 1.220217e-01 
8.829696e+09 1.101985e-01 1.242869e-01 
8.648432e+09 1.122501e-01 1.265940e-01 
8.470869e+09 1.143400e-01 1.289443e-01 
8.296953e+09 1.164692e-01 1.313383e-01 
8.126625e+09 1.187057e-01 1.337774e-01 
7.959776e+09 1.209093e-01 1.362628e-01 
7.796353e+09 1.231535e-01 1.387943e-01 
7.636302e+09 1.254395e-01 1.413725e-01 
7.479520e+09 1.277684e-01 1.439989e-01 
7.325957e+09 1.301406e-01 1.466741e-01 
7.175562e+09 1.325570e-01 1.493986e-01 
7.028240e+09 1.350190e-01 1.521740e-01 
6.883957e+09 1.375265e-01 1.550006e-01 
6.742622e+09 1.400816e-01 1.578801e-01 
6.604203e+09 1.426841e-01 1.608128e-01 
6.468611e+09 1.453355e-01 1.638002e-01 
6.335803e+09 1.480371e-01 1.668432e-01 
6.205736e+09 1.507893e-01 1.699424e-01 
6.078325e+09 1.535931e-01 1.730996e-01 
5.953530e+09 1.564503e-01 1.763155e-01 
5.831310e+09 1.593609e-01 1.795909e-01 
5.711587e+09 1.623266e-01 1.829275e-01 
5.594321e+09 1.653480e-01 1.863263e-01 
5.479476e+09 1.684264e-01 1.897880e-01 
5.366976e+09 1.715630e-01 1.933145e-01 
5.256786e+09 1.747590e-01 1.969067e-01 
5.148870e+09 1.780148e-01 2.005654e-01 
5.043158e+09 1.813323e-01 2.042927e-01 
4.939616e+09 1.847129e-01 2.080895e-01 
4.838211e+09 1.881570e-01 2.119566e-01 
4.738876e+09 1.916665e-01 2.158963e-01 
4.641592e+09 1.952427e-01 2.199091e-01 
4.546295e+09 1.988863e-01 2.239972e-01 
4.452964e+09 2.025990e-01 2.281611e-01 
4.361540e+09 2.063824e-01 2.324032e-01 
4.271993e+09 2.102377e-01 2.367246e-01 
4.184293e+09 2.141651e-01 2.411262e-01 
4.098385e+09 2.181683e-01 2.456105e-01 
4.014240e+09 2.222467e-01 2.501787e-01 
3.931832e+09 2.264019e-01 2.548318e-01 
3.851107e+09 2.306368e-01 2.595723e-01 
3.772039e+09 2.349516e-01 2.644016e-01 
3.694603e+09 2.393474e-01 2.693207e-01 
3.618749e+09 2.438269e-01 2.743324e-01 
3.544452e+09 2.483911e-01 2.794379e-01 
3.471688e+09 2.530406e-01 2.846384e-01 
3.400410e+09 2.577785e-01 2.899368e-01 
3.330596e+09 2.626057e-01 2.953345e-01 
3.262222e+09 2.675229e-01 3.008326e-01 
3.195245e+09 2.725332e-01 3.064343e-01 
3.129650e+09 2.776367e-01 3.121403e-01 
3.065395e+09 2.828362e-01 3.179537e-01 
3.002466e+09 2.881333e-01 3.238754e-01 
2.940822e+09 2.935288e-01 3.299087e-01 
2.880443e+09 2.990253e-01 3.360549e-01 
2.821310e+09 3.046240e-01 3.423155e-01 
2.763386e+09 3.103270e-01 3.486940e-01 
2.706651e+09 3.161370e-01 3.551920e-01 
2.651086e+09 3.220546e-01 3.618109e-01 
2.596656e+09 3.278004e-01 3.685514e-01 
2.543344e+09 3.339280e-01 3.754151e-01 
2.491131e+09 3.401694e-01 3.824064e-01 
2.439986e+09 3.465291e-01 3.895291e-01 
2.389890e+09 3.530095e-01 3.967850e-01 
2.340828e+09 3.596104e-01 4.041758e-01 
2.292768e+09 3.663377e-01 4.117057e-01 
2.245695e+09 3.731911e-01 4.193764e-01 
2.199593e+09 3.801732e-01 4.271897e-01 
2.154433e+09 3.872876e-01 4.351502e-01 
2.110205e+09 3.945360e-01 4.432587e-01 
2.066880e+09 4.019219e-01 4.515199e-01 
2.024449e+09 4.094463e-01 4.599348e-01 
1.982885e+09 4.174299e-01 4.685115e-01 
1.942174e+09 4.252317e-01 4.772520e-01 
1.902303e+09 4.331788e-01 4.861548e-01 
1.863247e+09 4.412746e-01 4.952250e-01 
1.824992e+09 4.495227e-01 5.044647e-01 
1.787527e+09 4.579236e-01 5.138761e-01 
1.750827e+09 4.664833e-01 5.234645e-01 
1.714881e+09 4.752041e-01 5.332320e-01 
1.679676e+09 4.840862e-01 5.431811e-01 
1.645190e+09 4.931371e-01 5.533173e-01 
1.611412e+09 5.023583e-01 5.636430e-01 
1.578332e+09 5.117517e-01 5.741606e-01 
1.545927e+09 5.213239e-01 5.848761e-01 
1.514187e+09 5.310761e-01 5.957920e-01 
1.483103e+09 5.410107e-01 6.069110e-01 
1.452653e+09 5.511339e-01 6.182391e-01 
1.422831e+09 5.614488e-01 6.297781e-01 
1.393619e+09 5.719568e-01 6.415342e-01 
1.365009e+09 5.826634e-01 6.535092e-01 
1.336984e+09 5.935732e-01 6.657096e-01 
1.309534e+09 6.046888e-01 6.781384e-01 
1.282651e+09 6.160137e-01 6.907987e-01 
1.256317e+09 6.275558e-01 7.036975e-01 
1.230523e+09 6.393147e-01 7.168380e-01 
1.205262e+09 6.512963e-01 7.302234e-01 
1.180516e+09 6.635045e-01 7.438610e-01 
1.156279e+09 6.759448e-01 7.577543e-01 
1.132542e+09 6.886205e-01 7.719067e-01 
1.109289e+09 7.015380e-01 7.863260e-01 
1.086515e+09 7.146992e-01 8.010158e-01 
1.064209e+09 7.281093e-01 8.159796e-01 
1.042360e+09 7.417758e-01 8.312258e-01 
1.020961e+09 7.556973e-01 8.467566e-01 
1.000000e+09 7.698875e-01 8.625806e-01 
9.794689e+08 7.843437e-01 8.787017e-01 
9.593614e+08 7.990721e-01 8.951238e-01 
9.396646e+08 8.140827e-01 9.118561e-01 
9.203743e+08 8.293746e-01 9.289009e-01 
9.014780e+08 8.449576e-01 9.462678e-01 
8.829696e+08 8.608361e-01 9.639610e-01 
8.648431e+08 8.770138e-01 9.819848e-01 
8.470869e+08 8.934956e-01 1.000349e+00 
8.296952e+08 9.102910e-01 1.019059e+00 
8.126625e+08 9.274008e-01 1.038118e+00 
7.959776e+08 9.448338e-01 1.057538e+00 
7.796353e+08 9.625988e-01 1.077322e+00 
7.636301e+08 9.806968e-01 1.097477e+00 
7.479520e+08 9.991339e-01 1.118013e+00 
7.325956e+08 1.017921e+00 1.138934e+00 
7.175562e+08 1.037060e+00 1.160247e+00 
7.028240e+08 1.056562e+00 1.181963e+00 
6.883957e+08 1.076428e+00 1.204085e+00 
6.742622e+08 1.096668e+00 1.226625e+00 
6.604203e+08 1.117289e+00 1.249587e+00 
6.468611e+08 1.138299e+00 1.272983e+00 
6.335803e+08 1.159708e+00 1.296819e+00 
6.205736e+08 1.181511e+00 1.321100e+00 
6.078325e+08 1.203731e+00 1.345841e+00 
5.953530e+08 1.226367e+00 1.371047e+00 
5.831310e+08 1.249427e+00 1.396724e+00 
5.711587e+08 1.272924e+00 1.422887e+00 
5.594321e+08 1.296861e+00 1.449542e+00 
5.479476e+08 1.321249e+00 1.476695e+00 
5.366976e+08 1.346099e+00 1.504362e+00 
5.256786e+08 1.371413e+00 1.532549e+00 
5.148869e+08 1.397204e+00 1.561263e+00 
5.043157e+08 1.423480e+00 1.590520e+00 
4.939616e+08 1.450254e+00 1.620328e+00 
4.838211e+08 1.477529e+00 1.650693e+00 
4.738876e+08 1.505322e+00 1.681632e+00 
4.641592e+08 1.533740e+00 1.713151e+00 
4.546295e+08 1.562641e+00 1.745268e+00 
4.452964e+08 1.592092e+00 1.777987e+00 
4.361540e+08 1.622105e+00 1.811326e+00 
4.271993e+08 1.652685e+00 1.845293e+00 
4.184293e+08 1.683842e+00 1.879898e+00 
4.098385e+08 1.715598e+00 1.915158e+00 
4.014240e+08 1.747953e+00 1.951083e+00 
3.931832e+08 1.780920e+00 1.987682e+00 
3.851107e+08 1.814516e+00 2.024976e+00 
3.772039e+08 1.848744e+00 2.062973e+00 
3.694604e+08 1.883625e+00 2.101682e+00 
3.618749e+08 1.919166e+00 2.141126e+00 
3.544452e+08 1.955377e+00 2.181315e+00 
3.471688e+08 1.940474e+00 2.221720e+00 
3.400410e+08 1.977065e+00 2.262354e+00 
3.330596e+08 2.014356e+00 2.303755e+00 
3.262222e+08 2.052361e+00 2.345932e+00 
3.195245e+08 2.091092e+00 2.388909e+00 
3.129650e+08 2.130565e+00 2.432694e+00 
3.065395e+08 2.170802e+00 2.477309e+00 
3.002466e+08 2.211806e+00 2.522762e+00 
2.940821e+08 2.253602e+00 2.569080e+00 
2.880443e+08 2.296203e+00 2.616272e+00 
2.821311e+08 2.339608e+00 2.664351e+00 
2.763386e+08 2.383850e+00 2.713345e+00 
2.706651e+08 2.428947e+00 2.763265e+00 
2.651086e+08 2.474891e+00 2.814125e+00 
2.596656e+08 2.521721e+00 2.865951e+00 
2.543344e+08 2.569448e+00 2.918759e+00 
2.491131e+08 2.618073e+00 2.972561e+00 
2.439986e+08 2.667637e+00 3.027386e+00 
2.389890e+08 2.718137e+00 3.083250e+00 
2.340828e+08 2.769589e+00 3.140165e+00 
2.292768e+08 2.822032e+00 3.198163e+00 
2.245695e+08 2.875469e+00 3.257260e+00 
2.199593e+08 2.929904e+00 3.317469e+00 
2.154433e+08 2.985382e+00 3.378825e+00 
2.110205e+08 3.041911e+00 3.441336e+00 
2.066880e+08 3.099492e+00 3.505037e+00 
2.024449e+08 3.158174e+00 3.569937e+00 
1.982885e+08 3.301702e+00 3.636942e+00 
1.942174e+08 3.364106e+00 3.706082e+00 
1.902303e+08 3.427684e+00 3.776522e+00 
1.863247e+08 3.492486e+00 3.848301e+00 
1.824992e+08 3.558507e+00 3.921437e+00 
1.787527e+08 3.625776e+00 3.995947e+00 
1.750827e+08 3.694331e+00 4.071874e+00 
1.714880e+08 3.764176e+00 4.149237e+00 
1.679676e+08 3.835352e+00 4.228054e+00 
1.645190e+08 3.907891e+00 4.308370e+00 
1.611412e+08 3.981782e+00 4.390205e+00 
1.578332e+08 4.057082e+00 4.473579e+00 
1.545927e+08 4.133833e+00 4.558538e+00 
1.514187e+08 4.212019e+00 4.645105e+00 
1.483103e+08 4.291700e+00 4.733300e+00 
1.452653e+08 4.372899e+00 4.823172e+00 
1.422831e+08 4.455625e+00 4.914736e+00 
1.393619e+08 4.539948e+00 5.008042e+00 
1.365009e+08 4.625870e+00 5.103103e+00 
1.336984e+08 4.713423e+00 5.199974e+00 
1.309534e+08 4.802652e+00 5.298679e+00 
1.282651e+08 4.893565e+00 5.399241e+00 
1.256317e+08 4.986223e+00 5.501718e+00 
1.230523e+08 5.080652e+00 5.606136e+00 
1.205262e+08 5.176877e+00 5.712520e+00 
1.180516e+08 5.274934e+00 5.820931e+00 
1.156279e+08 5.374867e+00 5.931395e+00 
1.132542e+08 5.476705e+00 6.043940e+00 
1.109290e+08 5.580479e+00 6.158630e+00 
1.086515e+08 5.686248e+00 6.275493e+00 
1.064209e+08 5.794030e+00 6.394558e+00 
1.042360e+08 5.903871e+00 6.515894e+00 
1.020961e+08 6.015803e+00 6.639516e+00 
1.000000e+08 6.129885e+00 6.765496e+00 
9.794699e+07 6.246137e+00 6.893859e+00 
9.593614e+07 6.364615e+00 7.024656e+00 
9.396646e+07 6.485357e+00 7.157941e+00 
9.203733e+07 6.608393e+00 7.293748e+00 
9.014779e+07 6.733784e+00 7.432131e+00 
8.829696e+07 6.861580e+00 7.573147e+00 
8.648422e+07 6.991795e+00 7.716833e+00 
8.470869e+07 7.124508e+00 7.863245e+00 
8.296962e+07 7.259743e+00 8.012437e+00 
8.126625e+07 7.397552e+00 8.164460e+00 
7.959776e+07 7.538033e+00 8.319378e+00 
7.796362e+07 7.681149e+00 8.477229e+00 
7.636302e+07 7.826998e+00 8.638078e+00 
7.479520e+07 7.975654e+00 8.801989e+00 
7.325965e+07 8.127122e+00 8.969005e+00 
7.175562e+07 8.281494e+00 9.139193e+00 
7.028240e+07 8.438819e+00 9.312623e+00 
6.883950e+07 8.599141e+00 9.489338e+00 
6.742622e+07 8.762503e+00 9.669411e+00 
6.604196e+07 8.929006e+00 9.852905e+00 
6.468611e+07 9.098665e+00 1.003989e+01 
6.335803e+07 9.271578e+00 1.023043e+01 
6.205729e+07 9.447758e+00 1.042458e+01 
6.078325e+07 9.627336e+00 1.062243e+01 
5.953530e+07 9.810355e+00 1.082404e+01 
5.831304e+07 9.996828e+00 1.102948e+01 
5.711587e+07 1.018688e+01 1.123882e+01 
5.594328e+07 1.038057e+01 1.145215e+01 
5.479476e+07 1.057792e+01 1.166952e+01 
5.366976e+07 1.077908e+01 1.189105e+01 
5.256792e+07 1.098407e+01 1.211677e+01 
5.148870e+07 1.119296e+01 1.234679e+01 
5.043158e+07 1.140582e+01 1.258119e+01 
4.939621e+07 1.162279e+01 1.282004e+01 
4.838210e+07 1.184387e+01 1.306344e+01 
4.738876e+07 1.206920e+01 1.331147e+01 
4.641587e+07 1.229883e+01 1.356421e+01 
4.546295e+07 1.253279e+01 1.382176e+01 
4.452959e+07 1.277126e+01 1.408421e+01 
4.361540e+07 1.301427e+01 1.435166e+01 
4.271993e+07 1.326193e+01 1.462421e+01 
4.184288e+07 1.351428e+01 1.490192e+01 
4.098385e+07 1.377147e+01 1.518493e+01 
4.014240e+07 1.403361e+01 1.547333e+01 
3.931828e+07 1.430068e+01 1.576721e+01 
3.851107e+07 1.457286e+01 1.606669e+01 
3.772044e+07 1.485023e+01 1.637186e+01 
3.694603e+07 1.513292e+01 1.668284e+01 
3.618749e+07 1.542101e+01 1.699976e+01 
3.544456e+07 1.571460e+01 1.732269e+01 
3.471688e+07 1.601379e+01 1.765177e+01 
3.400410e+07 1.631869e+01 1.798714e+01 
3.330600e+07 1.662941e+01 1.832887e+01 
3.262222e+07 1.694607e+01 1.867711e+01 
3.195249e+07 1.726881e+01 1.903199e+01 
3.129647e+07 1.759765e+01 1.939363e+01 
3.065395e+07 1.793281e+01 1.976215e+01 
3.002462e+07 1.827435e+01 2.013769e+01 
2.940822e+07 1.862248e+01 2.052038e+01 
2.880443e+07 1.897727e+01 2.091038e+01 
2.821308e+07 1.933878e+01 2.130778e+01 
2.763386e+07 1.970723e+01 2.171276e+01 
2.706650e+07 2.008274e+01 2.212548e+01 
2.651083e+07 2.046545e+01 2.254604e+01 
2.596656e+07 2.085547e+01 2.297462e+01 
2.543346e+07 2.125301e+01 2.341136e+01 
2.491131e+07 2.165812e+01 2.385643e+01 
2.439986e+07 2.207104e+01 2.431001e+01 
2.389893e+07 2.249186e+01 2.477221e+01 
2.340828e+07 2.292069e+01 2.524322e+01 
2.292768e+07 2.335783e+01 2.572324e+01 
2.245698e+07 2.380336e+01 2.621239e+01 
2.199593e+07 2.425735e+01 2.671087e+01 
2.154435e+07 2.472011e+01 2.721885e+01 
2.110205e+07 2.519169e+01 2.773653e+01 
2.066880e+07 2.567244e+01 2.826412e+01 
2.024447e+07 2.616231e+01 2.880174e+01 
1.982885e+07 2.666161e+01 2.934962e+01 
1.942174e+07 2.717056e+01 2.990799e+01 
1.902301e+07 2.768922e+01 3.047699e+01 
1.863247e+07 2.821784e+01 3.105685e+01 
1.824992e+07 2.875667e+01 3.164781e+01 
1.787525e+07 2.930577e+01 3.225003e+01 
1.750827e+07 2.986547e+01 3.286374e+01 
1.714882e+07 3.043585e+01 3.348918e+01 
1.679676e+07 3.101719e+01 3.412656e+01 
1.645190e+07 3.160970e+01 3.477616e+01 
1.611414e+07 3.221363e+01 3.543812e+01 
1.578332e+07 3.282909e+01 3.611274e+01 
1.545927e+07 3.345649e+01 3.680028e+01 
1.514189e+07 3.409583e+01 3.750092e+01 
1.483103e+07 3.474752e+01 3.821495e+01 
1.452654e+07 3.541166e+01 3.894264e+01 
1.422831e+07 3.608857e+01 3.968423e+01 
1.393619e+07 3.677853e+01 4.044003e+01 
1.365008e+07 3.748161e+01 4.121025e+01 
1.336984e+07 3.819835e+01 4.199519e+01 
1.309534e+07 3.892883e+01 4.279519e+01 
1.282650e+07 3.967336e+01 4.361044e+01 
1.256317e+07 4.043209e+01 4.444128e+01 
1.230523e+07 4.120552e+01 4.528806e+01 
1.205260e+07 4.199381e+01 4.615099e+01 
1.180516e+07 4.279723e+01 4.703043e+01 
1.156280e+07 4.361609e+01 4.792670e+01 
1.132542e+07 4.445068e+01 4.884012e+01 
1.109290e+07 4.530136e+01 4.977106e+01 
1.086516e+07 4.616832e+01 5.071977e+01 
1.064210e+07 4.705198e+01 5.168664e+01 
1.042360e+07 4.795269e+01 5.267207e+01 
1.020960e+07 4.887079e+01 5.367631e+01 
1.000000e+07 4.980642e+01 5.469977e+01 
9.794700e+06 5.076000e+01 5.574283e+01 
9.593614e+06 5.124761e+01 5.680084e+01 
9.396646e+06 5.224028e+01 5.787426e+01 
9.203732e+06 5.325217e+01 5.896841e+01 
9.014779e+06 5.428395e+01 6.008376e+01 
8.829696e+06 5.533597e+01 6.122079e+01 
8.648422e+06 5.640846e+01 6.237978e+01 
8.470869e+06 5.750182e+01 6.356125e+01 
8.296962e+06 5.861659e+01 6.476561e+01 
8.126616e+06 5.975316e+01 6.599339e+01 
7.959776e+06 6.091177e+01 6.724491e+01 
7.796361e+06 6.209327e+01 6.852070e+01 
7.636302e+06 6.329779e+01 6.982124e+01 
7.479520e+06 6.452585e+01 7.114708e+01 
7.325965e+06 6.577792e+01 7.249857e+01 
7.175562e+06 6.705448e+01 7.387629e+01 
7.028240e+06 6.835602e+01 7.528082e+01 
6.883950e+06 6.968298e+01 7.671255e+01 
6.742622e+06 7.103610e+01 7.817206e+01 
6.604196e+06 7.241553e+01 7.965992e+01 
6.468611e+06 7.382211e+01 8.117668e+01 
6.335803e+06 7.525635e+01 8.272298e+01 
6.205729e+06 7.671835e+01 8.429924e+01 
6.078325e+06 7.820934e+01 8.590613e+01 
5.953530e+06 7.972974e+01 8.754434e+01 
5.831304e+06 8.127960e+01 8.921431e+01 
5.711587e+06 8.285999e+01 9.091674e+01 
5.594328e+06 8.447141e+01 9.265228e+01 
5.479470e+06 8.611448e+01 9.442167e+01 
5.366976e+06 8.778967e+01 9.622538e+01 
5.256792e+06 8.949812e+01 9.806418e+01 
5.148870e+06 9.123979e+01 9.993877e+01 
5.043158e+06 9.301591e+01 1.018499e+02 
4.939621e+06 9.482691e+01 1.037982e+02 
4.838210e+06 9.667324e+01 1.057844e+02 
4.738882e+06 9.855584e+01 1.078093e+02 
4.641587e+06 1.004754e+02 1.098738e+02 
4.546295e+06 1.024328e+02 1.119783e+02 
4.452960e+06 1.044287e+02 1.141238e+02 
4.361540e+06 1.064635e+02 1.163112e+02 
4.271992e+06 1.085384e+02 1.185413e+02 
4.184288e+06 1.106539e+02 1.208147e+02 
4.098385e+06 1.131729e+02 1.231362e+02 
4.014240e+06 1.153439e+02 1.255065e+02 
3.931828e+06 1.175572e+02 1.279221e+02 
3.851107e+06 1.198124e+02 1.303841e+02 
3.772044e+06 1.221114e+02 1.328933e+02 
3.694604e+06 1.244545e+02 1.354506e+02 
3.618749e+06 1.268430e+02 1.380572e+02 
3.544456e+06 1.292771e+02 1.407136e+02 
3.471688e+06 1.317582e+02 1.434210e+02 
3.400410e+06 1.342873e+02 1.461806e+02 
3.330600e+06 1.368645e+02 1.489929e+02 
3.262222e+06 1.394915e+02 1.518592e+02 
3.195249e+06 1.421691e+02 1.547806e+02 
3.129647e+06 1.448979e+02 1.577582e+02 
3.065395e+06 1.476793e+02 1.607927e+02 
3.002462e+06 1.505140e+02 1.638855e+02 
2.940822e+06 1.534031e+02 1.670377e+02 
2.880443e+06 1.563481e+02 1.702506e+02 
2.821308e+06 1.593491e+02 1.735250e+02 
2.763386e+06 1.624080e+02 1.768622e+02 
2.706654e+06 1.655256e+02 1.802635e+02 
2.651083e+06 1.680718e+02 1.837237e+02 
2.596656e+06 1.713042e+02 1.872436e+02 
2.543346e+06 1.745993e+02 1.908313e+02 
2.491132e+06 1.779581e+02 1.944880e+02 
2.439986e+06 1.813818e+02 1.982152e+02 
2.389892e+06 1.848716e+02 2.020139e+02 
2.340828e+06 1.884288e+02 2.058857e+02 
2.292768e+06 1.920548e+02 2.098323e+02 
2.245698e+06 1.957504e+02 2.138545e+02 
2.199593e+06 1.995182e+02 2.179542e+02 
2.154436e+06 2.033792e+02 2.221330e+02 
2.110202e+06 2.072927e+02 2.263927e+02 
2.066880e+06 2.112811e+02 2.307341e+02 
2.024447e+06 2.153469e+02 2.351590e+02 
1.982885e+06 2.194910e+02 2.396691e+02 
1.942174e+06 2.237154e+02 2.442662e+02 
1.902301e+06 2.280213e+02 2.489515e+02 
1.863247e+06 2.324101e+02 2.537271e+02 
1.824994e+06 2.368839e+02 2.585945e+02 
1.787525e+06 2.414441e+02 2.635559e+02 
1.750827e+06 2.460920e+02 2.686126e+02 
1.714882e+06 2.508300e+02 2.737666e+02 
1.679676e+06 2.556593e+02 2.790198e+02 
1.645190e+06 2.605829e+02 2.843745e+02 
1.611414e+06 2.656013e+02 2.898320e+02 
1.578332e+06 2.707166e+02 2.953946e+02 
1.545927e+06 2.759307e+02 3.010647e+02 
1.514189e+06 2.812456e+02 3.068436e+02 
1.483102e+06 2.866631e+02 3.127339e+02 
1.452654e+06 2.921856e+02 3.187376e+02 
1.422830e+06 2.978149e+02 3.248574e+02 
1.393619e+06 3.035531e+02 3.310947e+02 
1.365008e+06 3.094024e+02 3.374522e+02 
1.336984e+06 3.153645e+02 3.439322e+02 
1.309534e+06 3.214419e+02 3.505374e+02 
1.282650e+06 3.276374e+02 3.572695e+02 
1.256317e+06 3.339523e+02 3.641315e+02 
1.230524e+06 3.403893e+02 3.711256e+02 
1.205260e+06 3.469510e+02 3.782550e+02 
1.180516e+06 3.536393e+02 3.855214e+02 
1.156280e+06 3.604577e+02 3.929279e+02 
1.132542e+06 3.674073e+02 4.004773e+02 
1.109290e+06 3.744927e+02 4.081725e+02 
1.086516e+06 3.817145e+02 4.160158e+02 
1.064210e+06 3.890770e+02 4.240104e+02 
1.042361e+06 3.965811e+02 4.321591e+02 
1.020960e+06 4.042303e+02 4.404655e+02 
1.000000e+06 4.120284e+02 4.489316e+02 
