#emmiter ID, Env. Distance Kpc, Total NH(1/cm2)
31 10782.4868385 9.38580335766e+22
491 8766.86352076 1.32493118695e+23
564 3440.02843712 1.03237755208e+24
792 12412.7042214 1.87647583448e+23
748 15910.1682506 9.05051759898e+22
241 10903.946649 2.44430370212e+23
350 7957.30320777 6.03862636152e+22
581 12840.3317399 0.0
494 5507.37411659 1.90496961331e+23
303 20141.3105781 0.0
285 8979.63942616 1.93834301974e+23
904 7608.39756354 3.66073013079e+23
547 19400.2690179 1.37637180975e+23
171 3403.94301471 1.91772975116e+23
113 9306.86794839 4.62792947974e+23
78 10872.0557929 3.39995222956e+22
170 8215.80339222 4.36297355085e+23
109 5988.4068735 4.29291992404e+23
850 11223.144702 5.8125255521e+23
356 11450.2739223 1.52594526368e+23
236 10846.1224821 1.85716157819e+23
83 14994.2286427 2.00232823225e+23
491 8766.86352076 8.00389966117e+22
128 3246.49449244 1.67045944251e+23
755 9523.00034549 2.20562809841e+23
174 16110.6200307 0.0
243 11352.5382537 2.73378723838e+23
906 12442.6185729 2.18034608774e+23
324 9198.97908979 2.93418726657e+23
512 13285.2689752 1.21472059939e+23
758 3373.84896558 3.720767394e+23
235 4123.23312158 3.43436159309e+23
459 6752.89497148 2.92491410668e+23
115 7637.08769972 3.46169543052e+23
482 8562.17160508 2.20313378869e+23
414 5788.43341486 2.77138472227e+23
469 6009.74424551 3.04997516321e+23
68 6617.65329239 6.5571581268e+23
292 10051.537485 0.0
292 10051.537485 4.5130790266e+22
321 8669.01351375 0.0
587 8012.48633411 6.14108587536e+22
591 16365.2592806 5.98429864545e+22
137 9915.59310881 3.91407835096e+23
433 2348.2585987 6.00689115412e+23
458 10287.5314824 9.97255700277e+22
243 11352.5382537 4.14333654386e+23
311 6189.04202706 2.69687353464e+23
907 7808.43397567 3.74206065925e+22
599 19250.8849677 9.4316746018e+22
443 17711.1966261 2.97910353539e+22
196 9886.82754188 1.62280406695e+23
187 2794.47005409 1.95654853728e+24
801 8899.40659455 4.7297214543e+23
643 6976.49335114 3.52413106647e+23
29 8135.98260991 4.14745178974e+23
189 5766.98459109 3.92466388166e+23
492 9602.60217376 9.97694767148e+22
541 4674.313161 4.41946128893e+23
350 7957.30320777 7.40904517635e+22
258 12116.7640512 6.75240324973e+23
243 11352.5382537 5.35557432407e+23
57 3024.59445279 3.53042277133e+23
71 3324.02374816 5.86829893738e+23
292 10051.537485 7.44112130259e+22
428 16402.4218519 1.9540326034e+23
350 10448.0000334 9.47059106357e+22
168 6852.23683082 3.35566264267e+23
143 12038.0982479 3.50201546288e+22
761 7210.87863509 4.94151957435e+23
948 12566.911069 0.0
291 7258.64770779 2.95823754049e+23
806 16098.5913286 0.0
139 8716.66986981 2.00005362015e+23
76 3131.55020966 3.90957927065e+23
508 13637.8721956 1.56117480554e+23
29 8135.98260991 7.47515268355e+23
516 16273.6704928 9.5591164041e+22
125 4981.74220814 5.24586273038e+23
156 14609.2596276 0.0
225 9643.7857399 7.22826582938e+23
29 8135.98261001 3.85449769859e+23
510 5887.5583964 1.67876007316e+23
152 6101.74315934 6.72091977004e+23
89 8424.92627068 1.54040400748e+23
350 10448.0000334 4.47322385157e+22
947 6446.48813279 6.36612139616e+23
200 9098.79774009 2.13585985746e+23
135 4051.04420356 7.49453519082e+23
127 2029.70150232 9.95297876594e+23
345 4284.21637423 2.19227960779e+23
529 12039.5307048 2.5554011577e+23
7 5131.8400187 4.10704171443e+23
278 7497.52758674 8.81405450613e+23
501 8013.68381583 5.93921571799e+22
411 12246.7436331 7.05755137703e+23
173 2470.83998702 1.73937470096e+23
460 8255.21230951 4.10137707727e+23
667 13312.2676096 2.40693117981e+23
917 13415.8947714 4.23306503494e+23
