#emmiter ID, Env. Distance Kpc, Total NH(1/cm2)
2080961 262.19783101 7.93865198185e+23
5125858 191.951883152 3.24763531698e+21
3921127 107.212705492 1.01746462609e+23
6012053 206.486316498 1.46313834766e+23
2497819 116.017479786 1.83583399755e+22
3871324 427.465717332 0.0
4392876 176.901169971 3.02414903163e+22
6115423 211.109651769 2.30554800323e+23
972316 277.310691487 1.48491686789e+22
3662393 292.757201642 1.50519464128e+22
1118355 372.711799233 4.83960733805e+21
1203530 152.179574517 1.72850145475e+23
5820618 118.146423967 5.69420524207e+22
5773494 314.246188456 4.06400446648e+21
1851451 256.136240158 8.45022539132e+21
382151 138.218187577 2.17676848212e+22
3025159 261.745577491 5.591544079e+21
2383578 259.818580823 7.13168240804e+21
5903677 122.95799276 6.16345995127e+21
3827691 562.45046217 0.0
5414229 481.597822044 1.18677662839e+23
2933173 210.297248423 9.65431719169e+22
549486 127.263104153 2.94257809486e+22
2926357 166.01703748 2.65117561263e+22
4977129 209.379212478 3.40853705712e+23
970040 143.773041131 1.67124879473e+23
1345895 133.726316669 7.34357305168e+22
5551227 249.899785235 0.0
3991068 115.344245236 1.33795110805e+22
3245821 452.447986165 5.5368024841e+22
2007048 117.473599207 0.0
5034274 265.756566231 1.39663480585e+23
2800741 76.3615240587 0.0
3320851 206.506753981 3.4957031948e+22
2648325 324.49321747 3.05195390887e+22
3605521 164.338127755 5.9272410984e+21
800166 321.375876561 0.0
2583968 853.483420425 0.0
1480740 159.586436116 0.0
5162287 147.404929852 1.00434550783e+22
374361 234.401243984 2.29677909129e+22
969054 125.328349787 1.18761919487e+23
3610787 128.281897602 0.0
3697326 148.178579364 1.11003494253e+23
507411 143.599271007 4.76278974523e+23
219836 114.439080271 3.71720814525e+23
3615017 182.200024963 2.87723488071e+22
1145745 138.689062711 6.77807628564e+22
195066 291.556100959 1.23516772914e+23
3972339 204.339848559 0.0
5988082 491.467984937 6.90000740188e+21
3675978 293.545165053 2.32271116586e+23
1482038 166.493402564 1.0374575937e+23
178683 116.50976474 6.4234565615e+21
3499430 187.488409395 2.12087461977e+23
5290303 203.721750125 7.77665546748e+22
3673413 433.145283738 1.60121200625e+22
4389938 93.097928623 2.04674003068e+23
2857574 389.676808813 8.57981149796e+22
3399460 235.029759829 1.15749168921e+23
5099172 275.153626484 2.34991996007e+22
4621272 195.367201619 0.0
2590937 124.358285078 5.55305981804e+23
573270 228.560283772 0.0
1743848 220.778491664 6.87768645567e+22
2418601 168.009027387 0.0
1171089 212.705023275 0.0
3904307 181.77967221 0.0
4011885 225.24089675 1.49238004642e+23
1547218 361.542948673 8.70851722018e+21
2737678 234.552508096 1.05624653864e+24
2987855 254.839986668 2.51000188632e+22
3156754 320.59742818 3.58202380386e+22
2478036 163.800903254 3.40159628919e+22
1241482 99.5358154973 2.1235040323e+21
1070835 161.461103362 0.0
1902177 341.995077201 0.0
2945427 107.328247781 0.0
1555694 144.568361688 5.19692380298e+23
4525662 271.543428441 9.94754446677e+22
884569 174.284087043 0.0
3316326 334.295807953 3.94852225771e+22
2489406 164.014850649 2.56165818149e+21
1783220 329.23030832 7.94007265984e+22
5314232 137.682748064 2.86277043134e+23
4585923 176.435995507 1.1551975757e+22
1595551 127.998583993 1.36892279287e+22
1143797 490.852086449 4.59310318783e+22
1665013 139.462947094 1.07606113722e+24
4001257 139.52425725 1.39107014659e+23
475702 94.8864346778 4.34821248329e+21
2598765 217.443438549 2.67968616423e+22
5338795 117.535377365 3.30369080806e+23
4948224 187.561544869 0.0
253851 117.972232649 9.03464323463e+22
5103462 253.849245266 0.0
5043467 292.215819643 8.38085393532e+22
6112573 412.533869438 1.04032609768e+23
310996 182.236720396 1.76288264082e+23
4910304 240.32952188 7.72908096358e+22
