#emmiter ID, Env. Distance Kpc, Total NH(1/cm2)
297709 150.767166354 7.84373254112e+22
3055028 166.840176032 8.10426835203e+23
5118875 288.694712864 0.0
1497529 260.401595181 0.0
2867887 160.448735712 8.69570123969e+21
994893 178.955475038 1.39884281744e+23
3350238 490.42174242 0.0
3074206 472.796826735 5.79107425189e+21
1860669 115.737840913 9.58205563338e+21
1579962 76.4823642979 5.9876618235e+23
5655334 657.138451627 0.0
535122 78.8403800891 0.0
2301535 162.497609147 0.0
3256916 118.747786434 3.27617385317e+23
5556724 171.814518045 0.0
1695316 210.907524238 7.97589877326e+22
1352108 108.719684497 0.0
5077432 162.398166469 2.85741967212e+23
3595801 525.452544924 0.0
5106688 353.365415049 0.0
532883 267.981200119 5.76101573011e+22
85324 118.923604254 0.0
2232282 117.964275096 8.88633809129e+22
2296865 400.446045 1.12753634956e+23
5860094 361.711972804 2.30710194197e+23
5010748 313.443364844 1.5255175301e+24
4624137 196.48229369 3.84823630469e+22
1145926 290.561990244 2.00700957983e+22
430985 241.138799996 0.0
733703 157.609407654 2.38071746727e+22
2849006 241.184346728 0.0
4636737 795.930740725 6.83796218036e+22
2760507 482.166289244 4.7854988871e+22
4299695 221.040898175 7.73834124956e+21
4826402 171.709188578 3.94522152315e+22
1212672 221.849083538 4.10807290487e+21
1567603 231.074312858 5.29233296538e+22
2523447 104.079794718 6.61120501944e+23
5404 128.425427551 6.20574670295e+23
5196368 125.350680078 3.42720508688e+23
5665233 217.234124897 6.18860212681e+21
4448076 108.974332538 0.0
5117639 588.468893762 0.0
252091 109.036677215 2.68654798681e+23
1845023 371.890337298 7.57473658037e+23
5628203 209.351674201 2.65895024444e+22
5120764 226.540641967 8.44734771384e+22
1084319 108.417961345 1.2734570527e+23
756734 153.166978945 0.0
6053699 348.746668527 0.0
5007424 265.452391483 0.0
4186536 406.627889396 1.72568107688e+22
4286056 223.684901275 1.08310060625e+22
114205 110.829255106 2.91169694882e+23
6201550 179.74749486 1.12506097555e+24
1484603 424.41563506 5.66386518356e+21
2343237 164.217338261 3.10407529709e+22
2129593 159.863949206 2.03286208448e+23
2702885 225.117340817 9.82916068823e+22
601015 266.724158938 2.63542089049e+23
926558 125.82706772 5.24519565408e+23
1381500 252.834189456 2.83774819174e+21
1289235 443.159329833 1.6998271759e+23
3586872 326.656975774 0.0
3245919 264.391773427 1.65943005698e+22
2048898 217.626094605 0.0
1395802 152.009299065 5.53397493545e+23
3259607 152.536821913 4.12603977558e+21
5138978 122.851071092 1.70574236522e+23
5601841 475.440436784 1.96647857694e+22
1645341 85.4992342239 3.89375015744e+22
2459159 133.519869535 3.28975273393e+22
3697925 330.99001047 2.48135854578e+23
4585388 284.323408993 0.0
4176078 83.2968141852 8.4281457342e+23
1998040 115.376625639 2.65009243338e+23
1580751 310.30602019 0.0
3292814 293.058454682 2.13446631839e+23
4103083 126.468011616 8.09472852976e+22
3907756 151.556107405 4.92572177592e+23
701387 379.567210695 1.49176676429e+22
2862174 406.659907907 0.0
5823964 152.748569953 1.56622393919e+22
6111197 200.129412546 3.32413925136e+23
4683547 271.984782144 4.82236819441e+23
2494006 633.953164118 0.0
5248063 325.272874608 0.0
4630490 252.063772823 1.13300651518e+22
4501668 127.038990432 0.0
1573458 130.530822595 0.0
4837786 309.849267487 0.0
5309216 351.779376029 0.0
4268536 151.001185547 4.31681350951e+23
2970368 190.28640593 1.65074395786e+22
3071568 757.502346798 0.0
5247482 274.071955745 0.0
1270657 309.494584005 0.0
5385790 247.300908237 1.49990014296e+23
2558370 437.618536587 2.05924763804e+21
3980090 250.631993045 3.13639403882e+22
3275041 250.807573147 2.85972765394e+22
5325228 232.067385128 0.0
252971 205.295079547 2.98440258511e+22
2516088 61.0852243847 7.98991076575e+21
1261804 426.417332523 0.0
4760536 246.445901323 3.10081178875e+23
4279856 89.8125258838 6.03128630925e+22
4785963 242.588433698 1.12139074684e+23
4127941 187.387997455 2.94818190858e+22
5054452 344.464186397 1.51946946102e+23
996594 179.98218362 3.54958337746e+23
5772096 446.405083976 4.51530833021e+22
4832880 209.093908603 1.36220698171e+23
4144321 2934.42565242 1.41508490729e+23
1176434 220.991273021 7.19239502294e+21
150592 102.32638071 1.32169226497e+22
2426087 580.726150905 0.0
4798596 724.781952916 5.32240168096e+22
4045582 94.449568132 1.406435267e+22
5771455 426.608133836 2.85352303313e+22
3614632 190.927922225 0.0
1917279 251.113802492 0.0
905025 162.318614487 3.148271225e+23
5211402 222.951531707 8.04342125642e+22
1056382 158.108538589 0.0
5975564 454.168949368 9.59738226208e+22
3760669 413.078791477 3.92480288374e+22
2110121 158.914527281 4.39005538562e+22
5578602 411.978403946 0.0
2039080 538.906698873 3.48557268234e+22
5744470 377.713107098 0.0
5819166 678.316695255 4.98273424355e+22
1960165 119.818063682 5.93296013695e+21
2636466 111.287818053 1.10531708987e+24
2842909 373.187757409 9.40269228499e+23
6074146 310.970767482 0.0
1781256 139.171631367 6.4608864146e+22
1959696 203.807887137 0.0
3988059 296.813006028 5.66259935755e+22
6116834 361.921137855 5.69676709207e+22
907885 325.728583015 2.11305001488e+22
4502302 515.623545568 0.0
4226314 123.814970914 8.75707472878e+22
532625 160.250799588 7.7456273322e+22
3572588 274.655712457 7.89347179368e+21
5874519 239.431649605 1.19339037946e+24
1310588 296.988198697 6.42682386e+22
4947712 518.659542789 3.07195390644e+22
832587 136.02854002 1.86236409381e+23
2800201 133.639374016 6.21715198447e+22
4390963 338.311999685 2.44665466585e+23
4752723 369.086977438 5.28466619924e+22
3181824 129.293482869 5.71791887611e+22
6204295 487.735625527 7.55552361355e+21
1252689 280.641528275 2.08450284388e+23
2009798 339.360935374 0.0
1909656 145.151312659 0.0
2238128 169.694219004 0.0
5771991 183.798737536 7.25062440264e+21
3248101 112.168527604 2.78814235773e+23
5584811 124.318394073 0.0
3759196 120.377470526 3.40972640501e+21
3493740 136.877379619 1.08355958596e+23
4535845 598.416163376 7.85328034878e+22
509897 162.404344262 2.88282747378e+23
4158507 303.232051203 1.63793381587e+23
4680965 809.114032805 0.0
5691986 330.261164156 3.65317668411e+23
759896 239.057952737 7.62948292502e+22
1598439 344.520763801 1.37679611315e+22
4753441 121.545559353 4.77102591866e+22
969904 167.187729887 1.17207279136e+22
5252483 377.589333757 2.70217780148e+23
204226 363.372111654 7.50603279184e+22
4878088 132.548063376 0.0
3106561 255.395960861 4.94925807781e+23
3616925 344.041088156 3.68951790868e+23
2957322 115.881903654 4.20826346401e+23
3871960 135.765387304 0.0
4614096 171.950217206 1.6248073519e+24
4590366 128.296013024 0.0
5522404 308.502937021 7.05011240658e+22
1724879 112.083414174 1.40923301031e+24
5172428 192.289584948 7.58176642283e+22
2877061 175.383140258 4.35862724794e+21
3614483 287.437087686 0.0
1792509 476.636882963 5.81047150197e+21
4308499 125.349403806 0.0
1429998 127.293819919 2.68017700889e+22
1023108 572.992916963 0.0
4362668 1023.45113481 1.24228478105e+23
2698103 321.075693181 1.64537580609e+22
5416929 128.364300119 1.45597016682e+22
4262365 393.33264099 1.42344810448e+22
500467 105.019649681 8.89519217487e+22
5481696 261.656641837 1.2963705965e+23
2196519 155.720373506 2.93924410663e+23
5897053 520.064855178 0.0
1385670 96.4651884261 2.24710163784e+22
4960615 632.751385622 4.52559684903e+22
4973392 190.493500441 8.17093249094e+21
2059660 380.678323682 1.60153072872e+23
2238392 337.665869796 1.02216910924e+22
4919771 183.913079439 4.40673948836e+21
5770495 197.883274358 9.00399285238e+22
1760483 120.388178311 2.94809265923e+23
4296816 232.182805124 0.0
567290 150.563541399 1.65956767892e+22
5224002 317.749106246 3.07467574763e+22
2894694 262.269663025 0.0
2572718 301.724244567 3.76677933898e+22
1144210 91.6850922409 3.43237899255e+22
671491 408.633743568 6.44879791353e+22
533346 110.588126505 0.0
1971568 542.427225181 1.15972869038e+23
858361 356.565254347 0.0
1611308 385.469491458 0.0
814246 356.940025593 3.13124339126e+23
5264423 140.950349734 1.34574519211e+22
3079271 184.186009224 1.27009540549e+22
727032 220.58976748 0.0
1988177 338.994753174 1.88023402839e+22
6069803 81.3183291814 1.47741624677e+22
1588901 89.1611114279 3.62828822914e+23
3511203 127.107652055 2.03400130952e+22
6400 154.631421751 0.0
2293174 304.079630112 0.0
2322767 212.774200217 7.48937541318e+22
4325609 185.964445339 1.21626520177e+23
3128265 223.853741003 2.44008360046e+22
846602 525.558493995 1.19076301561e+23
1994016 414.293946602 1.2524146896e+24
4723640 643.281810263 0.0
5742201 197.238842675 7.2239162162e+21
5250515 802.934724515 2.83208423829e+23
2375727 504.663243596 4.43682382699e+23
1819065 87.7149204114 0.0
87291 117.15874839 2.52097450658e+23
2647729 138.329001914 1.1012031938e+23
6124072 317.817329672 3.86417772321e+21
4886722 160.311224273 1.83860008316e+24
1643615 154.564599526 4.30400376835e+22
2640315 238.472789356 0.0
3860890 268.866815883 1.3708224119e+23
5751301 138.233818541 1.03011338299e+22
3292078 110.811131683 0.0
296659 108.285681033 9.27828963807e+23
1418156 166.1620092 4.0341106331e+22
4264246 256.902125871 1.57770353343e+23
3313706 261.555668769 0.0
3655973 103.884345592 3.24204744057e+23
4670840 282.792739337 4.32080609917e+22
4392688 185.217517001 1.05187325558e+22
1922106 72.704459742 3.92371144642e+22
1682743 542.22682283 7.70327918326e+22
1556938 72.8333463924 1.25219740529e+24
4554455 169.270901256 7.00649636098e+21
3797072 127.549173689 0.0
5537982 253.167684257 1.3566036972e+22
5702268 209.454311545 4.31719449207e+22
2337150 378.31524712 4.15307976514e+23
2314065 272.773521488 8.07089658759e+22
1367804 172.998399627 1.37840797536e+23
1984556 137.934651982 8.11328381433e+21
4975722 338.077143709 0.0
4269730 366.583886589 0.0
109698 110.205625047 1.51372991228e+23
869643 175.861543382 8.74185125233e+21
1891607 136.160616177 6.51238725876e+22
1326227 105.837693872 1.21528127304e+22
1938622 244.877400708 1.71555313797e+22
2212304 782.185716621 6.74723867299e+22
6070864 326.608534125 0.0
330873 220.075526038 6.85215383851e+23
4076690 125.504863701 2.82972009217e+23
5391926 158.211354038 1.33392422229e+23
866431 315.703957463 0.0
1008703 194.748712517 0.0
4012185 368.882826044 2.9459051536e+22
521692 230.507598434 2.45055344389e+22
3292953 329.15578015 1.13154094149e+23
2060066 278.434169337 1.12002184482e+23
1380376 127.384692239 2.84488872289e+24
6214734 314.095176541 6.5958566513e+22
4920877 155.964929933 9.80268559628e+22
886451 75.5606545256 9.21780623448e+22
2050553 169.626581717 4.37847071095e+23
3153946 221.299005206 0.0
5963679 496.014544941 0.0
782747 396.536477799 0.0
2308436 125.838045642 1.59007841369e+23
3377110 183.170698245 1.91030654417e+22
5250102 263.697341924 8.92662997209e+22
3797842 194.748513756 0.0
5194471 73.1996214595 1.83270640799e+23
1945483 346.084168215 1.0967889808e+23
2530414 367.236687781 5.45230682177e+22
4187862 272.466929977 3.20848521955e+23
4666919 103.406694351 6.95216711862e+21
953590 202.187033362 0.0
3721325 192.910216812 4.51861286438e+21
475107 197.422094271 0.0
179099 108.24899187 5.06849169271e+22
4172467 138.284611286 4.68538934836e+22
5550672 237.79030735 7.4187977386e+21
5230324 475.524164925 1.64810701386e+22
3010164 169.503805064 6.2786608224e+22
2707379 341.170310167 1.97765500191e+22
4588768 194.713396363 0.0
1571450 88.3865055636 1.67739591136e+23
4877396 286.960362524 3.78468070417e+22
3860167 205.811262917 4.73713265974e+22
4612065 300.995336382 0.0
4724405 125.888630361 0.0
3387095 173.753693844 1.1099719193e+23
3844081 333.28301785 5.64887366339e+22
1654438 121.210644239 0.0
5407302 392.31835333 2.19707064536e+22
523610 147.980646259 3.57009718427e+23
5401418 239.164773583 4.6698644659e+22
5929642 270.224828443 5.55515169277e+21
3584789 183.685573704 5.32372347297e+22
5598553 98.6789713429 1.82170537279e+23
6067087 224.546993941 2.25894366351e+23
2260012 220.325312603 8.15214441111e+22
2560019 124.140192025 9.36119946651e+22
3132001 296.949932266 5.3049676514e+23
4062410 229.129504968 3.78421321234e+22
4035652 340.843161725 1.80397979106e+23
3461756 172.427834368 4.50822351457e+23
4718232 76.5625997136 0.0
1579517 405.2441768 3.53870222877e+21
3461776 205.579003561 3.87449520567e+23
5842033 253.071057925 1.06739909896e+22
1858052 209.453364785 1.09903447658e+22
1482327 391.160305508 1.16463163298e+23
3344836 375.849085878 5.018369611e+23
3921751 352.353581363 8.75000912294e+21
3147081 280.17852801 9.62307487849e+23
744250 239.393701285 0.0
1745317 85.2300954575 0.0
5985211 211.352292686 5.63607947606e+23
1279352 151.267177171 2.60363733269e+22
2124152 165.388107694 0.0
4408418 102.103304938 2.04571644094e+21
4875555 315.915106025 2.55389843271e+22
5296120 198.493822094 1.62096217902e+23
159855 146.874887311 6.00674332948e+22
5392160 189.593345683 1.66550169127e+22
3275770 108.601083529 3.59767711233e+22
3361173 519.637249112 7.22125994482e+23
4220113 150.744852568 3.6230467978e+21
6231055 393.294459019 2.10666550729e+22
6138465 122.121715154 5.20918675672e+21
1566145 139.618648476 1.10198745532e+22
994236 183.376956972 3.87753843241e+23
1323552 213.740190453 0.0
815773 177.0005263 5.01530211596e+22
3617864 185.129266399 4.93265165253e+23
4722594 237.069853603 0.0
4942311 628.641052482 0.0
5467894 129.853375522 1.31021324496e+24
5584620 280.15956363 0.0
3721183 120.303468638 0.0
2878155 129.249522879 1.62661972153e+23
4113151 185.168013061 1.69913274448e+23
108214 191.757022732 0.0
2072062 302.298083966 3.49679684426e+22
1601474 158.830273601 6.38066878653e+23
2910518 99.9580733124 0.0
2718656 161.886516518 4.99760132949e+21
640599 216.495308921 2.07352089914e+23
1116098 243.930295701 4.7327382184e+22
1434938 190.471959768 5.78188998111e+23
5595335 388.343391345 0.0
4412748 649.712892237 0.0
2968760 140.998211316 0.0
2818559 349.879015183 2.24511761169e+22
2141101 355.069520269 0.0
4255290 289.212348335 9.53690011776e+22
2899974 241.42190333 3.92376066556e+22
6095021 219.329561446 0.0
314023 157.497434871 1.03434455326e+23
1733807 194.194530496 0.0
5043283 741.564497131 1.23170662989e+23
1293775 623.305567065 1.92643230435e+22
1447957 464.357257976 3.27379991628e+22
330031 107.307052419 0.0
1251662 109.27145411 6.40799227765e+22
1129958 233.372312369 4.49346988267e+21
5565598 263.332998056 0.0
5923880 130.346764265 5.74922381909e+22
2031281 108.842931478 3.35971845352e+22
3777129 443.749001716 7.44170750786e+22
4477753 189.936728536 0.0
2149841 74.9084328495 4.30249611594e+22
1214479 187.769935718 3.19762890339e+22
1794625 167.046313952 4.87035168437e+22
4499606 335.301020401 3.24595246512e+21
3797019 238.574653149 0.0
5140837 176.703644489 1.21707836652e+22
548735 157.210392858 0.0
149191 187.116773537 7.39608000479e+22
5035022 229.36428 2.98955395797e+22
205767 153.607433329 8.1699181598e+21
3082323 420.960198992 1.65762785488e+23
1196279 146.85898294 3.15887846402e+22
4641764 181.733968778 0.0
6210851 186.637024624 2.72216552975e+23
5519976 467.246881207 0.0
3890023 285.67124081 1.26196918504e+23
2263130 206.665486625 1.3270873473e+22
4857939 186.29950156 4.38684866943e+23
987703 274.050474425 0.0
2646726 437.529178961 5.1761672259e+21
1200985 373.202397843 1.34210961151e+23
3605202 143.985806725 4.21235389289e+22
1652802 175.732683522 1.679202558e+22
651133 193.117759702 6.14491500419e+22
429936 378.677308354 7.31126086007e+22
2768387 102.039902861 2.01393700277e+22
3943030 117.50842314 1.38163571217e+23
1633315 128.041779802 0.0
3427048 411.601159956 5.31041136402e+22
1583022 221.414783101 4.28186214717e+22
4731949 142.515326792 0.0
6094375 409.983619755 5.97657659903e+22
5291491 292.5230817 2.32223860053e+23
646374 89.4219729128 1.24320472208e+23
1868340 198.638826828 0.0
187765 191.575657895 6.76809625655e+23
3337120 298.21803971 0.0
1105557 209.737806069 2.18510601948e+22
4587481 107.759415126 1.84686765483e+23
5584943 229.858789548 0.0
126478 122.172726029 0.0
2189363 908.123554452 6.03397309906e+22
2912391 153.361605744 2.07463545902e+23
4343910 559.084169278 1.80536059633e+23
1417596 242.224298975 0.0
6099526 127.938206952 2.04326450667e+22
3527911 308.118386202 0.0
624527 126.701324763 2.32925838632e+23
6171266 320.224870173 5.97173139986e+23
838279 257.109579227 0.0
4306715 362.310110428 8.44531476974e+21
3380450 385.255163027 9.31585586238e+22
3875582 370.100694362 0.0
5619578 115.274929558 1.5607546527e+23
4614239 142.122172146 1.18893463384e+24
1765229 71.1270712219 1.31103965107e+23
2427199 218.025795202 7.01835059922e+23
1337130 220.262921138 1.84263486991e+22
5296550 165.062711348 1.49626917502e+23
2612454 231.373469287 8.45564198844e+22
3045473 159.150682842 4.47591596902e+22
4358953 197.332323303 2.95910844625e+22
2057202 590.363198311 3.29146746413e+23
4473531 160.559068229 3.16209221226e+22
1363423 125.63354128 1.11005835974e+22
3492677 306.559059274 1.50838759071e+23
3539269 196.331820843 8.25503523935e+22
516730 238.100524418 1.59876071206e+23
3596406 53.0528881298 0.0
2074540 74.7630714244 2.63620674273e+22
5729154 196.490754882 0.0
4394328 111.782750949 4.5377561711e+22
3919323 194.407264765 2.14044708401e+22
2137787 691.271219621 8.21858394114e+21
3431087 495.093723225 4.67260928658e+22
499180 137.339492319 1.47343925863e+22
3106650 112.113588721 2.12332580319e+23
5450234 136.878421939 5.73021585706e+23
3987773 401.791833673 2.36345702801e+22
935050 137.54689916 2.33006812047e+22
3448233 225.682977027 1.97117929074e+22
5255165 141.679633826 1.64011631738e+21
5497810 140.363761264 2.24498990377e+22
545086 139.044728644 5.10208772075e+22
4073630 288.592215507 1.49837429569e+22
2389006 293.30781962 0.0
2220990 285.365242035 3.03422710569e+22
4509367 143.044116006 2.16694191867e+22
1676066 153.086087898 0.0
2206747 381.135859381 8.34681251068e+23
2902652 163.820222178 0.0
3366400 160.753804932 0.0
2327192 112.826292311 0.0
2780175 133.211652038 2.96535539505e+22
6060327 126.545900234 0.0
4399187 126.320110041 0.0
1896445 169.584579216 0.0
2003923 186.814292815 0.0
2196922 439.180278098 2.60445716753e+22
1356659 248.551959491 4.54352101038e+21
1806979 153.217474344 3.88814350315e+21
4346820 159.203309978 3.15058319035e+22
6002049 93.5499731527 1.58623031696e+22
876176 224.145547934 1.57287467183e+23
2457290 367.187588425 0.0
1461095 170.412175361 3.71841129715e+22
3909766 154.633320179 1.00134022232e+22
4246076 304.291609924 1.8658944191e+23
3488655 121.773884937 4.66526591473e+23
1729486 289.310725235 1.25260035677e+22
2658837 351.42849938 7.0708952408e+21
6161933 644.693920031 3.87653116e+22
5998289 192.959178902 2.12370801049e+23
2045318 126.606550098 7.90972810599e+23
3178845 495.737067559 8.16102509784e+22
5556244 225.433224871 0.0
5439692 224.186008395 0.0
2909363 243.847359138 8.09651529623e+22
583527 185.540162493 4.11986506707e+22
802108 206.752326216 3.88441625506e+22
4379903 177.344107282 6.9140777023e+22
1669844 207.973352076 8.11062303565e+21
2200227 111.197572628 8.84410328684e+21
5777532 337.741693843 2.35663646498e+22
204561 171.752760489 1.52442232038e+24
3978823 121.069931438 1.87753338926e+22
4632124 527.81407078 9.4751223611e+22
4204215 510.41309389 1.213726334e+23
3728838 336.840039464 5.78587448832e+21
1392188 363.273874463 0.0
6108329 499.403613731 0.0
1575303 360.957706172 0.0
5482564 196.1767464 4.50762357542e+23
864135 276.950870562 3.30112270299e+22
4632913 126.750422463 3.79242410592e+22
1742442 222.467695345 7.44144430873e+22
1506704 202.044476904 8.7831761972e+22
5610099 201.887154713 2.71500972849e+22
2404274 200.641922782 1.1818743834e+23
2737464 147.888982545 7.01915573333e+23
1638230 168.240777029 4.28466268495e+22
2007661 262.492762162 6.57174034919e+21
1825673 459.729403485 0.0
933683 238.040777149 3.81278435439e+22
4188127 198.878907887 0.0
2814330 129.601932679 1.73592518196e+23
379642 291.253375182 1.4002821178e+23
275963 260.459791069 4.34454552555e+23
292890 296.272349506 5.29199325203e+22
755717 483.777412439 9.68347188969e+22
4190706 219.279638297 3.62702623684e+22
1251183 206.031763794 3.99497555242e+21
2423830 377.234568411 2.79297761327e+22
1944309 101.670341888 0.0
2235821 99.5079976521 1.06219163774e+22
3039752 149.244013865 0.0
5702694 238.306010011 8.03445747305e+21
1840638 233.28367096 1.524776051e+23
3694714 300.081769561 1.31171286105e+22
538365 113.367306944 1.63156215135e+23
3952245 142.64817937 8.11502050579e+22
5578544 485.790606228 0.0
2732192 278.958625754 0.0
6193650 373.381443106 0.0
1884420 156.959501124 0.0
794990 95.4883832149 0.0
4657404 169.390087644 0.0
2510335 658.513907337 1.42198700135e+22
6113066 53.8048478246 1.79019791067e+23
4508467 209.519923961 1.20593428001e+23
1801694 110.613765838 6.45644559976e+22
1365873 1180.69930394 1.14534507156e+22
99751 91.0425237478 1.2216043953e+23
3034816 258.436583846 1.75300222532e+23
3657416 391.02862543 0.0
3630324 157.7774695 1.23390463045e+23
5417801 397.593373751 0.0
3461982 258.040427543 1.07771756766e+23
5714162 172.271309405 1.12840350411e+23
4662284 150.118493693 6.280876932e+23
2493180 145.055613615 2.19666671597e+23
3964185 226.205535864 0.0
1657986 349.254782044 4.25049959467e+22
620489 132.019642166 1.82335663926e+21
3653162 201.70614911 0.0
5056007 514.756894981 2.62630561844e+22
279104 169.332322654 6.21625343449e+22
2231282 191.960971769 6.14067957506e+22
6090695 158.477145718 1.75289077296e+23
1651636 338.592847912 3.9747142113e+22
34981 103.437608057 5.38332748608e+23
4213964 100.246789761 0.0
3016407 366.730055431 1.52546105742e+22
3044399 241.672881901 1.27279932096e+23
533308 133.212347044 4.33137527148e+23
6122852 197.426668151 1.53469654425e+22
3558563 422.854030623 6.17403266215e+22
1426572 166.432680698 7.46642749535e+22
4912603 287.101439786 1.53565729798e+23
5938186 83.7934862208 5.49845754002e+23
141633 122.679781527 3.62423867633e+23
4661731 389.488497516 7.13285748234e+23
3157162 246.470576505 1.89829161976e+23
3177173 172.797866836 3.43992875404e+22
2103835 86.9140230935 1.05047127253e+22
2891934 127.656771524 0.0
2122583 241.539231025 6.78686981767e+23
884394 124.721923975 8.08310587532e+22
1122033 239.394402471 6.14182482995e+22
5550638 327.63813752 4.85396970667e+21
14955 118.1921308 4.56079839511e+22
2698258 328.048942179 0.0
2266049 233.468831866 7.51008192996e+22
5545339 154.521782872 3.66120257643e+23
847113 106.555338554 1.85732929897e+23
5549963 146.011132945 3.814116027e+21
3120392 164.303856996 1.99910720142e+23
1369671 203.567094183 0.0
5117769 293.363688553 0.0
1302776 380.369874183 2.30464154448e+22
1661569 322.978214439 2.89674524622e+22
932925 232.788198865 3.66247574549e+22
1571860 90.6599704177 0.0
2273939 109.398528575 6.84754125553e+22
3740371 200.06103456 0.0
644547 290.506755625 4.27479575303e+23
1544519 452.141916915 1.86177335067e+22
1819228 191.778166194 0.0
2900073 154.484739588 4.09312939759e+22
4299267 95.7527787651 8.16465285336e+22
3827031 227.775943272 4.1906982483e+22
1766591 172.829003028 2.59118034149e+23
238742 163.869858023 1.49410131545e+23
4263251 199.104401895 5.66791478013e+22
1969886 137.366248074 1.20189751231e+24
3716841 252.091247977 2.30428819432e+22
4162372 213.680202301 1.72799968758e+23
4040971 167.422939725 3.03026819795e+23
4070044 140.952112093 1.03951546115e+23
5009085 310.696309566 9.33583249019e+22
3070945 191.217321116 0.0
2395947 127.21733453 4.69806347633e+22
3278749 243.977863814 3.08746329952e+22
1922905 580.542660883 0.0
2456403 1077.67558167 7.33713428293e+22
2474574 187.726918176 9.7543757915e+22
6117064 148.27450598 3.16394287638e+22
523989 151.003123866 1.71496133753e+23
4756532 348.629275232 8.07878374416e+22
4153260 485.052469628 0.0
5872836 375.021643624 3.11196217712e+23
6077407 132.439264864 2.52411312073e+22
5976507 123.088132633 2.52403427752e+22
206652 208.967840813 0.0
707928 220.400080449 8.68576286151e+21
271734 234.734527925 6.99101489748e+22
2746973 342.196390909 2.64767905787e+22
5717970 336.914493719 3.94872071866e+21
422321 179.570737768 6.57115760196e+22
1318397 131.730805906 1.81894615943e+23
2558370 437.618536587 0.0
5692415 270.667119428 4.02639767456e+23
4633050 231.025364146 2.11130621282e+22
4819503 372.086728202 7.52690959615e+22
329423 176.636833081 1.79860703727e+22
3346412 242.538660886 2.44594649766e+22
218819 268.557357579 0.0
757798 196.99924251 1.77234383769e+22
18129 138.929959953 0.0
3988247 310.089736731 0.0
1233654 98.5048346834 0.0
3552184 257.82879884 1.89536283031e+23
1397088 350.852644695 0.0
3744795 188.492803474 4.50966975407e+21
3093056 133.072048451 1.00005501199e+23
3804821 149.117784012 1.26644140731e+23
2387611 210.359999413 9.15777978899e+22
2945205 613.488165607 2.98390176702e+21
342995 324.984771126 4.11051460978e+23
3493090 257.180914381 5.27377879078e+22
1391906 346.904848276 0.0
2844034 200.470819792 5.83585273906e+22
80950 144.134590278 0.0
2822157 275.980003724 9.65241105511e+21
4726664 212.374986843 1.94371500906e+23
5737235 394.225667321 2.19485829402e+22
5100797 303.655345431 4.62131332793e+22
3133986 132.300365657 1.53995895209e+22
252645 180.893213592 0.0
2109755 137.397668413 5.76254625548e+22
5436623 665.803290179 5.83782551283e+21
3379821 231.859948402 0.0
4357034 324.395060339 3.02759797183e+22
177795 393.934856321 9.22270753353e+21
3499569 203.281555852 1.49946900987e+22
850944 307.225485846 0.0
4100450 313.129507066 3.66285466042e+22
3302156 371.385367154 8.01759546889e+21
2754259 283.208863158 6.39943112316e+23
227319 160.557639566 0.0
774791 275.508177295 6.96005824383e+22
782968 207.081233388 2.68226330975e+24
4852617 266.831723978 0.0
4067306 410.03301171 9.18606533844e+22
1110071 136.805387286 6.76856556139e+22
6089216 247.438060962 2.1997814645e+23
2541716 430.96931065 0.0
3898678 322.370510426 8.94018560686e+22
358545 114.524513783 2.18780376999e+22
5436808 382.056604133 1.67079162071e+22
3750361 390.054152309 4.44837945068e+22
1457636 482.131749624 0.0
5820151 239.701463051 8.5624336097e+21
1323553 538.87089209 0.0
3554104 344.340245394 0.0
3933786 75.7995370178 5.07038932732e+22
1359509 228.166449433 2.44351504256e+22
2953785 436.161660491 0.0
2686472 299.487828456 0.0
4518272 631.241271491 0.0
2005189 344.862967813 0.0
5145368 645.813086317 4.03326776203e+22
962306 275.08491731 2.03837835929e+22
3176251 133.254077659 4.3136638424e+22
3758729 248.236048965 0.0
1499572 204.817992733 2.77362453972e+22
1857289 332.054263376 0.0
3807412 347.583499686 5.14992355013e+21
4076183 240.456615876 3.40010056589e+22
864780 101.782454786 7.61845770077e+21
4680378 121.267757885 1.01144701355e+23
2625194 509.393772879 0.0
4057749 387.41005195 1.93274678791e+23
2748534 134.214686844 6.44728776655e+23
2737359 137.802905945 1.46345528473e+23
3930416 116.274148522 0.0
3201964 319.95137193 0.0
4120605 134.144603297 2.71879860713e+23
1326619 162.649021035 5.35836873213e+21
193282 135.847481232 0.0
2188470 73.1563433887 6.8143685146e+23
1397731 194.68066114 1.28246536561e+23
3561267 267.283620149 1.47768795071e+22
3644041 183.046733328 0.0
2644738 144.821017317 1.20534428628e+23
4875500 240.073661403 1.44824658361e+23
571461 162.338873334 8.04269894152e+21
885976 268.900011433 6.04473527331e+21
6170570 235.268284666 5.08778626472e+23
1995653 398.211348908 1.24949914394e+23
346579 190.411564054 1.63343675367e+23
3876913 350.211027069 4.06925647898e+22
1657361 179.178137786 2.57041951413e+21
2250931 112.693496028 8.06033783886e+21
2793723 98.2812322231 3.53411861551e+23
1471795 289.005517812 9.3653285297e+23
2708042 156.465040692 3.38944456497e+23
1992607 135.629099368 0.0
6006434 361.309360755 0.0
6124407 939.585742246 1.10107363993e+22
2717332 108.871333186 6.88259463557e+21
1430380 139.81197037 0.0
2766657 154.134364482 4.95212183705e+21
3085675 270.007431487 6.28547107928e+21
4409748 376.241406696 6.02101615079e+23
863998 123.880084333 3.83573465073e+22
4482156 188.625036489 0.0
4325906 363.453324302 5.31964956733e+22
269985 126.49164346 0.0
3873526 338.7655433 2.41955727455e+22
1403965 147.539553316 1.20583686722e+23
5109443 495.939198615 1.85303517298e+23
3702157 168.498584595 4.21484073213e+21
5016435 206.73222009 4.43129135805e+23
2874058 82.1234841124 0.0
5934898 466.47850216 2.38765717648e+23
3517607 730.652129417 7.36000305789e+22
2079133 87.8195262498 4.21574478593e+22
4479914 204.139259955 2.44671743936e+23
890423 147.868671334 3.34340727454e+21
2112623 433.779465823 0.0
5575690 255.384684816 1.27229138439e+23
732688 110.78636398 0.0
5740968 186.962899922 0.0
977470 310.710694886 4.05944337334e+23
4853017 271.032190637 4.62199816619e+21
5106994 270.140548113 0.0
4037631 500.693034479 4.88199772658e+21
1888367 126.795907148 2.31543394537e+23
2878160 213.261221857 2.19993381128e+22
3349957 184.298616339 1.90030131639e+23
6220266 1095.91610713 7.71004443174e+22
2278774 75.4368702186 4.3534927364e+22
2166936 96.9077358998 7.84907650853e+22
2225021 177.057558875 0.0
1416971 229.596454266 3.50501784676e+22
3625512 423.084697544 1.29929365314e+22
1069026 188.95007177 6.11236069139e+21
4844408 335.31232663 1.85569939779e+22
5125990 410.940593869 1.52516486659e+22
2154263 189.233426481 3.95427158157e+22
5565156 355.841337644 2.82501987913e+22
4602797 142.633899532 5.12756234185e+23
102313 173.272215359 6.17803737534e+22
4702954 278.358577412 8.66183669157e+21
3207665 89.6757319214 5.57552685382e+22
3931891 435.131828141 1.11897880226e+23
60974 295.164240486 5.33439733698e+21
5533738 155.179341705 1.1802013555e+23
5992350 392.92284571 1.41977970544e+22
983475 164.467094363 0.0
2049499 556.343193455 0.0
5823953 414.171473322 1.46346963578e+21
5908579 98.2710907806 3.81394335405e+22
4799764 126.914680931 0.0
4069958 300.836490631 3.25758704044e+23
3553128 173.526428339 0.0
351176 131.968065484 1.08006394857e+23
6208531 187.187324568 0.0
4154732 303.310477963 1.0599196193e+22
2942328 258.927008943 0.0
242416 283.446929115 2.22082861868e+23
3586982 92.3964992901 0.0
3409225 324.866909431 0.0
4717590 380.409216267 2.49423156495e+22
5543776 428.449208319 2.70031275803e+22
3596066 184.085815057 0.0
883553 188.878515518 3.01908508988e+22
1185125 223.814256544 5.84738792008e+23
5262786 266.030253405 5.01886630791e+23
729433 159.234158374 1.87837264864e+22
4617753 234.865953646 0.0
113610 223.044270102 0.0
3055335 121.223199869 4.49498741065e+22
3602626 328.914621934 9.8556138717e+22
4061635 259.798099019 9.18566845215e+21
5891577 584.359906441 0.0
5845323 333.850038216 2.65724666579e+23
4700580 121.267128743 5.96997472193e+22
305912 187.113153332 1.01988782671e+23
2811317 218.255472933 0.0
5547623 217.853729505 2.59961196724e+22
5901402 144.097439166 4.35705035488e+21
4794131 352.727970583 0.0
4530454 511.178926986 0.0
4888935 330.447587029 4.96877053489e+22
4202665 182.249151154 3.61980196514e+22
1610843 268.121842105 2.44545330233e+21
554492 224.401037245 2.10179634945e+23
1208803 101.613292127 1.39311366024e+22
2315100 304.603572662 5.48650866181e+21
2383135 785.951484502 8.024592106e+21
3255465 285.557631797 2.70265195061e+21
272002 111.057177426 3.81837141735e+23
2361078 387.316716271 2.34266801851e+22
1447650 169.975316824 6.12685933559e+23
624577 129.082092546 0.0
5417442 125.972791186 0.0
307823 110.463824817 1.54664397767e+22
4306604 271.266994549 1.30691183084e+22
5251335 153.804539457 6.46795736698e+23
2500448 391.591062642 3.24728735776e+23
3808759 149.921700718 0.0
2514763 349.198431055 5.35853262935e+23
2988087 168.278283649 1.62732346038e+23
3377663 141.356163561 0.0
4500200 114.87652956 2.61448873698e+23
2451121 144.2942424 1.79732071275e+23
2653798 764.142125029 1.85664307963e+22
5962349 251.45249627 1.38472990732e+22
2688971 580.170313554 0.0
1475655 234.076694132 3.94367930901e+21
1108485 285.948880374 0.0
4353098 378.181444844 1.34471409464e+23
2738985 694.906602214 5.16817835021e+22
507927 216.757117172 1.17556881103e+23
4139016 198.442666422 7.04248254099e+21
3026091 278.502872312 4.8667958646e+22
445642 468.184895653 6.58512808107e+21
3636135 227.715202731 2.49146556818e+22
1494692 230.54687455 0.0
1431956 287.593194997 6.46269526657e+22
2358618 411.132680996 2.16704385861e+21
5599157 178.736452393 3.72494874027e+22
5926469 710.605490755 0.0
715168 132.154938864 0.0
5690362 265.565658874 0.0
5551697 138.862316505 3.838055586e+22
5646194 357.099769227 6.79349499689e+22
1418710 114.608734472 7.82338797238e+21
2569891 340.928197257 0.0
1762644 96.1861823763 4.63329933444e+22
2009389 231.185287634 6.70462515971e+22
3045461 112.804099926 2.6263896134e+22
6214778 175.261759388 1.40493662394e+23
3842330 142.790156597 2.40197090592e+22
1024763 178.116121247 1.79863640885e+22
2486438 468.843932271 0.0
5823069 162.097951641 2.11167743894e+22
25186 189.007533203 0.0
5249218 94.9339238861 0.0
2125169 126.606649358 0.0
3119316 189.799064151 1.45203778393e+23
6125042 137.678305925 0.0
4881410 157.036126067 2.55951362574e+23
1721247 255.555730794 1.18767762286e+24
894651 142.253259357 4.54572291535e+22
4052110 251.171382096 1.40768603284e+23
2837392 404.049284894 4.34219346427e+22
832765 163.264127315 4.81892852909e+23
4743563 570.126273251 1.15516467803e+22
615120 177.82891091 3.55339743341e+23
6161471 214.663686368 2.2458707408e+22
4444832 145.692290532 1.03001904627e+24
3971196 76.1400734897 3.16425289116e+22
4972359 95.650037202 4.39087646503e+21
3946697 335.542187895 7.85186570767e+22
4736778 112.639250856 2.49604668847e+23
4174535 231.221579906 1.27848341527e+23
1896657 189.688136927 1.28042048875e+22
3227201 99.5335535937 0.0
1782054 217.054735491 4.21591745511e+21
4298992 643.317803532 0.0
3320393 183.710246498 1.39702169944e+22
4736852 64.4851729118 2.73494612909e+23
5936168 256.567377622 0.0
3593324 217.508167208 5.93074647994e+21
5609719 107.795498668 1.91133873802e+24
4285919 186.534096701 2.47835423016e+22
3416624 433.092165821 0.0
5005063 148.785415871 2.65607813494e+23
10082 180.540074398 3.09758535463e+22
1030778 258.750058743 2.55266282403e+22
4510804 445.5898336 0.0
4040688 211.871011395 2.1534936028e+23
3369706 254.320954763 7.46699218015e+23
2599898 107.726795713 1.48959238943e+22
3435254 216.147411808 3.08661176647e+21
5392261 244.083991794 1.25530462019e+23
1066657 120.135083259 5.43676122795e+22
592623 216.980664047 0.0
3986999 103.370252665 2.46011614677e+24
4301085 186.951635021 0.0
3893432 148.175079731 2.0586613824e+22
2918421 495.303622052 5.56959841164e+23
3157212 146.734245946 2.70319033511e+23
951990 146.468386123 0.0
3151055 93.951831036 0.0
2812514 387.886751239 4.8341475155e+23
2321545 141.557103737 1.46727236853e+22
2158908 383.382134361 9.09128654596e+21
158162 136.053820448 8.21917290143e+21
5939215 257.876595729 0.0
4883270 85.7825551896 5.88369151022e+23
2975760 200.539142231 4.84557809047e+21
6024765 128.994764253 0.0
3287301 76.6940899288 0.0
3347032 497.577868168 1.65584455946e+22
5239388 284.101589954 3.7461125845e+22
2872530 1006.34349323 3.22409801677e+22
2373336 111.201630554 5.42508370708e+22
4141343 175.312591545 0.0
1248620 166.918159284 1.36879475888e+22
361643 86.9983327251 8.66759486893e+22
4157116 308.123996767 2.78873894795e+23
3983971 224.218491038 0.0
849413 188.598941909 8.55080972807e+23
958488 243.775537049 0.0
690098 269.314546566 7.74108376083e+22
5937488 142.890816355 6.52668901088e+21
5468502 387.504662129 2.27698800665e+22
999906 272.984508843 6.41388420853e+22
149628 143.812471918 2.47241489282e+22
4760270 366.296461058 1.44572474451e+23
790554 109.72248304 2.8307532317e+23
5324886 560.657501742 7.58073135833e+22
4123459 303.81535112 3.9318562563e+21
3817119 200.337369212 3.60060679716e+22
5256500 247.259269104 6.25466259363e+22
1648102 187.400169698 0.0
448340 156.808916722 1.38890636833e+22
2946685 326.735611617 8.177787611e+21
1441285 83.2275788397 4.07264920949e+22
1324790 88.2246034354 5.63749783496e+22
3585263 100.756492239 3.1535971576e+23
5902535 216.309568431 2.54522132098e+22
2898431 171.159371215 1.51837143342e+23
395787 236.304310463 4.03654484242e+23
2793685 346.437644105 4.27584290324e+23
632990 173.712244511 6.21311453559e+23
6171719 491.143489806 1.14442867719e+23
4984467 146.254643907 0.0
3562970 91.0410047718 1.47125406954e+23
2109720 259.740816115 3.24002498026e+22
678448 157.614606588 4.77330059941e+23
2664830 548.619775791 0.0
1150198 92.5102469811 0.0
2783535 262.403044423 1.58222560654e+23
69239 191.091565236 4.65896946863e+21
5809813 132.683787216 8.85460698435e+23
4042353 205.102605199 0.0
334588 145.527499438 0.0
6162558 202.346197301 0.0
5439390 362.964072172 0.0
4297188 127.694901353 8.39092847598e+22
