7.0 17.975615 4806.71163361
22.0 14.508121 3512.56181353
26.0 11.267281 4883.98810772
29.0 12.425856 4857.69707048
31.0 18.752361 7252.00021296
33.0 11.705401 13389.8383339
37.0 17.653746 4390.07053844
40.0 13.367429 10651.2156154
51.0 13.886516 7402.83744171
53.0 19.802979 5643.89225479
57.0 15.423485 1772.09562117
58.0 19.939898 7497.52758674
60.0 17.784842 6863.64594397
61.0 19.680529 4284.21637434
63.0 18.40049 2879.84511278
67.0 14.710161 8031.47275906
68.0 13.504759 6516.99752312
69.0 9.308837 6937.47247177
71.0 18.614651 2537.35351163
74.0 14.908714 9288.85384715
76.0 14.253157 2993.87792219
77.0 11.273243 2567.09600909
78.0 12.10587 9525.43290246
79.0 11.639593 2394.87640893
80.0 19.90448 797.260467795
83.0 16.517517 7437.79226612
87.0 11.364276 2177.13334255
88.0 15.313449 9621.55763238
89.0 18.133873 8303.26896963
90.0 19.407341 2385.42262773
92.0 15.43677 8621.90800449
95.0 18.437294 6777.15325887
97.0 17.37022 4698.00162524
100.0 18.744968 11809.5357935
101.0 15.76494 15561.4192538
103.0 11.638673 4462.01260594
104.0 19.170218 3047.09876044
105.0 19.107372 6528.32659682
106.0 18.083981 5175.66715313
107.0 18.18297 8312.48072566
108.0 12.996298 9148.86023626
109.0 15.435556 2467.87952065
110.0 10.601933 3062.84731035
111.0 19.507677 6816.98633668
112.0 17.794876 11783.7137971
113.0 9.734867 8344.1582662
114.0 9.527568 7476.18079628
115.0 10.792728 7635.33697759
116.0 15.497347 6359.91937244
117.0 17.063831 9970.37441963
119.0 17.522533 18249.2515826
120.0 11.457145 9380.18254068
121.0 17.007536 5439.38617066
122.0 7.752693 7059.58687443
123.0 16.545071 11557.6108668
124.0 16.920973 8079.16510082
125.0 15.862731 2955.8769078
126.0 12.435472 12284.1140981
127.0 16.634031 1497.0453823
128.0 17.109447 2583.20256208
129.0 12.387118 11420.8027836
130.0 8.702876 4928.92133388
131.0 15.017999 12846.3519633
132.0 17.084892 4684.73311255
133.0 11.553873 1928.90548652
134.0 17.093273 4676.37711065
135.0 17.639959 3129.57128585
136.0 9.352136 10815.4426496
137.0 9.785896 6004.14617333
138.0 13.14926 10563.6041154
139.0 10.266846 7943.60145383
140.0 14.846315 4750.59586738
141.0 15.08843 10533.3177816
142.0 17.923311 9776.63547248
143.0 15.921618 8437.2788889
144.0 15.89723 12266.0013931
145.0 15.046803 14963.3700135
146.0 17.236771 7244.35512268
147.0 16.233032 12198.6540588
148.0 15.06811 5685.20574327
150.0 17.125299 12222.3982011
152.0 9.666261 4924.93899819
153.0 11.510856 8331.19046443
154.0 8.734169 6959.66750489
155.0 12.62684 9505.07080244
156.0 11.428494 13252.1530272
157.0 11.893298 4591.99970215
158.0 16.333536 8291.66478866
160.0 18.237387 11879.3240667
161.0 15.360173 10613.51393
162.0 14.311889 3377.44290224
163.0 13.422003 4696.37365568
164.0 11.935482 7244.35512268
165.0 10.63539 9729.03333948
167.0 9.635008 6657.77148984
168.0 14.956313 4884.90944176
169.0 9.713313 5567.31279356
170.0 12.400229 5219.44490127
171.0 15.628165 3177.1973491
172.0 11.845118 7004.5068482
173.0 7.547609 2343.71400199
174.0 14.345654 15722.5060361
177.0 16.248638 5963.05463905
178.0 8.567083 10613.51393
179.0 14.275411 9757.01656444
180.0 8.030482 12497.158299
181.0 13.583543 7201.55511948
182.0 14.732408 8008.71357127
183.0 10.796452 9016.65792552
184.0 10.501782 4587.53100008
185.0 14.999909 9395.69158821
186.0 9.389675 5413.89947018
187.0 16.888029 623.702438345
188.0 11.775096 2567.09600909
189.0 9.88835 5552.09196392
190.0 9.534356 2211.3943666
191.0 13.62096 8985.64829243
193.0 13.045977 13318.2252482
194.0 14.61552 11977.6197262
195.0 13.954595 4379.9942056
196.0 10.265828 8412.87832858
197.0 8.956792 2626.18432032
198.0 8.662282 12210.2695758
199.0 9.328919 4670.59373872
200.0 12.345845 7971.53404089
201.0 10.250619 11722.8020052
202.0 7.583562 4123.23312158
203.0 7.848018 9494.54689232
204.0 9.671532 4461.78013657
207.0 10.521803 6183.58068148
208.0 8.739828 10641.0773888
209.0 7.314129 18409.74951
210.0 16.431992 891.006620898
211.0 13.547782 3361.17074626
212.0 14.884767 8833.19591405
213.0 10.918134 7592.65097106
214.0 9.412615 9780.58003472
215.0 15.42239 15234.1866852
216.0 10.918804 6677.92702925
217.0 15.286051 2480.96737099
218.0 12.314163 6358.05630048
219.0 14.034248 3725.95357419
220.0 14.185372 5269.70179123
222.0 11.811218 10050.4754222
223.0 9.661505 9440.17289007
224.0 9.920355 3764.35315225
225.0 11.479555 8485.5579868
226.0 12.324057 15992.3246113
229.0 10.396854 9015.64914001
230.0 14.201925 7225.48043513
231.0 8.193781 8669.01351375
232.0 13.214702 9052.56528593
233.0 9.351173 5373.8409855
234.0 8.287664 1849.64286361
235.0 12.496351 3849.48228136
236.0 12.128325 6745.63925756
238.0 13.06425 11733.4303211
239.0 14.598694 9960.43325939
240.0 10.347565 7666.2785499
241.0 11.935333 10903.946649
242.0 12.172621 4010.2333768
243.0 14.401805 10668.6624685
245.0 9.382494 3837.9305843
246.0 10.801535 10476.875862
247.0 14.305045 11934.2876843
248.0 14.108346 1928.90548652
249.0 10.42316 5920.1208834
250.0 12.404146 10358.6062749
251.0 11.806603 5327.50722894
252.0 10.702063 16044.6966417
253.0 13.200923 2854.18262476
254.0 7.21109 13018.1363356
255.0 13.883181 7262.47718728
257.0 10.210222 12182.8064877
258.0 10.880472 9495.09097299
259.0 11.40562 6257.77987572
260.0 12.638117 6945.61513092
263.0 11.715627 3665.63211309
264.0 11.195899 7587.25786368
266.0 8.866796 9497.68634897
267.0 12.827554 7225.48043513
268.0 7.660574 6622.16562074
269.0 13.381284 8951.06413081
270.0 7.829841 5844.86497443
271.0 12.460834 10688.4320735
272.0 10.775176 7159.84084674
273.0 8.574926 7059.58687443
274.0 9.314805 6695.55776334
275.0 10.820923 7681.17597356
276.0 7.597333 17777.2548342
278.0 9.3677 5572.80544721
279.0 9.721494 891.006620898
280.0 9.038966 12921.6203622
281.0 12.825077 11548.262525
283.0 12.480027 6782.01362842
284.0 10.0802 13077.7049399
285.0 12.280978 8422.8461147
286.0 12.213754 1654.2761115
287.0 13.227552 8312.48072566
288.0 12.889372 11147.8695576
291.0 9.754568 5490.84742248
292.0 11.667989 6260.25780723
293.0 8.422312 8822.52991394
294.0 11.523583 7495.22411848
295.0 7.171789 7525.41492824
296.0 13.738476 7284.89163752
297.0 7.677986 15484.9144007
298.0 13.326037 2040.99198144
300.0 10.93222 10908.883059
301.0 8.895974 8538.39752557
302.0 8.012228 12755.2872833
303.0 9.321693 15255.1677761
306.0 11.897013 4686.87401341
307.0 10.474658 9776.63547248
308.0 8.331553 5480.62245259
310.0 7.906954 7707.88024679
311.0 12.078105 6126.83339764
312.0 11.424203 11982.1329755
313.0 12.030515 11681.7292719
314.0 8.694587 7269.15689911
315.0 10.641993 7125.26459832
317.0 10.861219 8012.48633411
319.0 7.204484 6824.14833351
320.0 11.345147 8005.08550142
321.0 10.266054 5830.98371851
322.0 12.143847 1144.78900517
323.0 9.123919 7494.83972852
324.0 10.478381 6695.70519803
325.0 10.479528 11352.1285174
326.0 11.750683 9244.6950478
327.0 8.891947 5630.32442313
329.0 10.194328 5801.3610819
330.0 11.69292 4298.7353292
331.0 10.626866 5899.72659108
332.0 7.41777 6023.83560032
333.0 12.252079 6299.25647941
334.0 11.882792 15243.2706008
336.0 7.322111 10470.2633409
337.0 9.649713 8412.10279448
339.0 11.380209 5057.4339425
340.0 9.307407 5328.81423562
342.0 11.110155 4856.76640715
343.0 7.917252 12732.8507062
344.0 11.280524 5402.29632445
345.0 10.689524 3977.23970871
346.0 7.100158 11621.4720021
347.0 10.703224 5607.57233964
349.0 11.73649 8450.77489917
350.0 10.461879 7735.86806587
351.0 12.204839 8466.60121352
353.0 11.195418 9118.7632617
354.0 8.808799 8000.79845446
355.0 11.015258 6845.00651782
356.0 9.583699 7404.22910786
357.0 10.715528 10947.7417304
361.0 10.539712 6976.49335114
362.0 11.304751 3780.35975642
363.0 11.204913 8101.53911702
366.0 11.284322 7576.54483184
367.0 9.545905 9757.01656444
368.0 10.749338 13528.5246649
370.0 12.418152 4525.51752915
371.0 10.098576 4339.30581669
372.0 8.259727 7752.03741638
373.0 11.853127 15743.2105313
376.0 9.099084 23935.990505
377.0 11.157428 3429.35429353
378.0 9.575841 7008.25838401
379.0 9.625211 9281.80296747
380.0 10.600226 5481.64935102
381.0 9.672029 20832.9468413
382.0 9.685645 5320.76427567
384.0 7.937409 8497.39532825
385.0 10.866109 4139.03340194
386.0 8.440788 10470.2633409
388.0 8.233077 9492.74277016
391.0 8.69126 3841.9371495
392.0 9.394983 4311.73573485
393.0 10.518659 14530.2088562
395.0 9.024161 8155.17640055
396.0 7.40002 3485.90917992
397.0 8.004668 6696.95882735
398.0 9.663279 10800.9906801
400.0 9.594685 3091.59199954
403.0 8.507019 3787.66939438
404.0 11.17309 5677.30086315
405.0 7.839886 13168.1434062
408.0 8.10287 12824.4153343
409.0 9.453959 8746.50429316
410.0 10.110106 2929.45249775
411.0 8.318864 9614.37177689
412.0 8.725984 7907.8087236
414.0 7.397077 5552.09196392
415.0 11.882016 5415.97025967
416.0 9.154178 10105.4881362
418.0 10.668145 11345.1276506
419.0 9.10578 9015.64914001
420.0 9.045007 6542.99081342
421.0 9.615917 15428.9923543
424.0 9.233103 12366.3222996
428.0 8.876711 7234.39746512
429.0 8.122274 4698.00162524
431.0 7.495697 7707.88024679
432.0 10.017103 4020.4890937
433.0 7.768699 1849.64286361
434.0 9.247531 2879.84511278
437.0 7.794971 11865.3328465
439.0 9.939759 2793.16554148
442.0 9.535542 9867.57749988
443.0 8.141773 16722.6653749
444.0 9.744567 1532.68988518
445.0 9.312304 7560.3780891
446.0 7.939475 13872.7501875
448.0 8.400697 15059.8609192
449.0 8.163109 5415.97025967
450.0 7.054761 4460.36775956
452.0 9.728348 2630.06582113
453.0 8.884729 9187.13984854
454.0 9.359623 10078.154218
455.0 10.993275 15159.5350165
456.0 10.256997 7560.86920403
457.0 9.746839 4931.60463276
458.0 9.685321 10036.5269311
459.0 10.000709 6282.29021772
460.0 7.403021 7892.80146047
462.0 9.142666 3759.50954311
466.0 9.205004 11896.3185039
467.0 10.218395 4092.13884836
468.0 9.94764 9743.17895063
469.0 7.149314 5788.43341476
471.0 7.672216 13340.3590019
472.0 10.562998 4743.33058117
473.0 8.808588 10947.9509895
475.0 7.492227 10955.1999906
477.0 9.127431 16038.2997294
478.0 8.58054 2033.18812392
479.0 8.534587 9521.78204308
480.0 9.52365 4300.18768617
482.0 9.43298 8171.10273361
483.0 8.005573 5790.07840898
485.0 7.099618 6032.8484868
486.0 7.45666 7887.50800091
488.0 8.581926 7587.33611984
489.0 8.249297 4674.313161
490.0 8.981917 7758.0447606
491.0 8.462786 8240.50629709
492.0 8.554942 7768.56409055
493.0 8.137382 7614.86303346
494.0 9.568769 3849.48228136
495.0 7.214158 11130.5375938
497.0 9.689087 3616.69253862
499.0 7.948153 3977.23970871
500.0 7.479581 17056.0092405
501.0 8.830717 7466.01926273
504.0 9.764628 7838.951593
505.0 9.225395 7987.68103602
508.0 8.630176 12634.8969868
509.0 9.900922 16295.1676686
510.0 9.751836 4187.29409097
512.0 9.238213 12640.253568
513.0 9.344183 15494.6886661
514.0 8.264041 8412.10279448
515.0 7.345017 3129.57128585
516.0 8.440372 16127.8172502
517.0 9.044526 3813.22318836
519.0 8.702547 3177.1973491
520.0 8.113392 10133.6581973
521.0 9.001102 12463.9602421
522.0 9.499756 7328.67778131
524.0 7.252256 3916.14328779
526.0 8.50598 8155.17640055
528.0 8.379472 4187.29409097
529.0 8.13265 11411.4071735
530.0 8.345473 7472.92969529
531.0 9.870396 5481.64935102
534.0 7.760122 13766.2119525
536.0 10.264954 18848.2142674
537.0 9.256509 6799.98035925
539.0 9.50374 7442.32578167
540.0 7.62514 10558.7226527
541.0 8.451427 4616.02221955
543.0 9.446305 2575.85246541
545.0 8.148031 8186.6648053
547.0 9.243162 17436.8801259
549.0 7.65503 10465.4660561
552.0 8.661684 6547.63081577
553.0 8.949711 13375.1984426
554.0 7.483265 6126.83339764
555.0 8.576138 11127.0806716
556.0 8.999429 12495.5250189
558.0 7.539002 11788.1488916
560.0 7.094013 2348.25859859
561.0 7.619594 9250.52130046
564.0 8.870076 3403.94301471
565.0 7.495283 2622.02951756
567.0 7.650392 7092.77606513
569.0 7.375309 2841.9549423
571.0 8.24127 12442.6185729
572.0 8.019289 17004.9242392
574.0 8.138801 10319.6250296
575.0 9.12564 8542.17236884
576.0 8.911344 14996.4509064
580.0 7.129191 9326.30282172
581.0 7.79546 12336.4327855
583.0 7.803805 9107.22308815
584.0 8.272266 7125.94654255
585.0 9.107857 9685.02538178
586.0 8.856999 13404.9186059
587.0 7.739413 7768.56409055
588.0 8.241579 9858.2184839
589.0 8.459764 2136.04036139
591.0 7.270865 15567.1602271
596.0 8.42985 4997.26838703
598.0 8.185803 5175.66715313
599.0 7.219209 16478.5767035
601.0 7.586432 6982.01900156
602.0 7.008403 3925.67331622
608.0 9.260224 7877.84560071
609.0 9.424469 10978.8241253
610.0 8.603797 13969.9608563
612.0 9.464749 1893.55601487
613.0 8.62784 2583.20256208
615.0 7.451604 11058.1199117
616.0 9.055924 12916.3439116
617.0 8.743629 5101.88532908
618.0 8.615794 7946.16187091
622.0 7.584809 6292.72724537
627.0 7.339468 3486.5320963
629.0 8.425584 7922.54403074
632.0 7.803067 4044.07432388
637.0 8.961559 5290.63888674
638.0 8.183666 6823.2226098
639.0 8.701034 5844.86497443
640.0 8.067726 6294.36935609
643.0 8.104115 3868.68582231
645.0 8.50889 6095.69075866
646.0 8.252608 6855.02609103
647.0 8.659393 14300.5856265
649.0 7.722758 7630.27702721
650.0 8.248113 4093.81430683
651.0 7.515219 11350.393914
652.0 7.144011 12916.3918572
653.0 7.190481 7177.22236599
654.0 7.331397 2793.16554148
656.0 8.26151 7207.64807562
657.0 7.837395 13333.2747467
660.0 7.941569 8946.06436028
661.0 8.421403 9686.92404439
662.0 8.759528 9395.69158821
665.0 7.066888 8707.05951638
666.0 7.904253 7165.39506328
667.0 7.701439 12794.8617373
669.0 8.060191 5879.85447316
672.0 7.001221 16662.3206942
674.0 9.017365 15370.9059314
675.0 7.559244 1512.69149858
676.0 7.69164 5320.76427567
677.0 8.684649 4405.33807385
683.0 8.111865 4155.87299277
688.0 7.821873 6516.99752312
691.0 7.602894 20432.2461517
692.0 8.674575 7125.94654255
693.0 8.786364 11082.3403697
694.0 8.230327 15195.3097319
699.0 8.606977 16595.2544631
700.0 7.85376 11213.499504
701.0 8.200621 4928.92133388
702.0 7.650775 12182.8064877
704.0 8.009977 7300.05382842
705.0 7.708148 5644.39106615
710.0 8.412177 9977.90506956
712.0 7.039204 7198.20273982
713.0 7.518289 8823.9274895
714.0 7.010277 8450.77489917
717.0 7.118045 14725.2646178
718.0 7.523126 10006.108975
719.0 8.202541 1821.36643725
720.0 7.414602 7755.40318781
723.0 7.016666 12299.7131598
724.0 8.149541 4676.37711065
726.0 8.309118 2335.6194738
732.0 7.459657 3246.49449239
734.0 7.890142 16110.6200307
737.0 8.384665 7955.54791951
738.0 7.722614 11196.4364147
739.0 7.82567 16491.4147679
740.0 7.102993 9378.40492876
743.0 8.226038 5791.60141172
748.0 7.295907 9521.78204308
749.0 7.64761 5401.38292791
750.0 7.565464 6314.83946414
755.0 7.684083 7525.41492824
757.0 7.608438 3324.84870712
758.0 7.049215 3188.74868371
761.0 8.003438 4015.87121081
762.0 7.774475 6982.95779654
769.0 7.546661 2589.71235132
776.0 7.904146 10287.5314824
781.0 7.47686 14300.5856265
782.0 7.330351 6528.78257742
783.0 8.54675 5567.31279356
792.0 7.344227 12152.4032127
795.0 7.522507 6039.30797051
799.0 7.179048 4093.81430683
801.0 7.196236 7773.52810393
802.0 7.764393 13077.7049399
804.0 7.634588 5988.4068735
806.0 7.348619 12916.3918572
808.0 7.415847 10305.4990978
811.0 7.607721 5350.64592815
815.0 7.650554 5510.35601126
820.0 8.166916 5752.39357917
822.0 7.967598 16284.3216723
823.0 7.684922 10846.1224821
827.0 7.287888 7250.52400505
836.0 7.419276 13293.0300907
842.0 7.938724 18954.3345213
843.0 7.505372 3813.22318836
846.0 7.050373 3264.77727148
849.0 7.454577 5645.23894871
850.0 7.699852 9867.57749988
859.0 7.474487 7400.20075425
860.0 7.218986 8437.2788889
866.0 7.565869 12739.3032283
868.0 7.662314 6695.55776334
883.0 7.099232 7874.15913488
885.0 7.762527 4683.15202036
898.0 7.46418 6478.03524098
901.0 7.024953 17579.5857612
904.0 7.137466 3925.67331622
906.0 7.21681 9407.71033533
907.0 7.399358 6528.32659682
913.0 7.176063 5101.50317367
917.0 7.552028 11929.4009789
923.0 7.394824 8653.74806041
938.0 7.239079 18800.4044529
947.0 7.445195 5957.00367632
948.0 7.000668 12039.5307046
950.0 7.095823 5766.98459109
963.0 7.056433 4298.7353292
975.0 7.245773 6937.47247177
1207.0 7.01934 13766.2119525
89.0 18.133873 8303.26896963
100.0 18.744968 16093.7326509
113.0 9.734867 8344.15826618
114.0 9.527568 12559.3434939
137.0 9.785896 6004.14617359
146.0 17.236771 7244.35512268
148.0 15.06811 9306.86794839
164.0 11.935482 7244.35512268
167.0 9.635008 6657.7714892
169.0 9.713313 8726.87734853
174.0 14.345654 16491.4147679
195.0 13.954595 7156.75282062
274.0 9.314805 6695.55776338
275.0 10.820923 7681.17597363
285.0 12.280978 8422.84611476
306.0 11.897013 10383.5820033
311.0 12.078105 6126.83339733
319.0 7.204484 6824.14833351
331.0 10.626866 5899.72659122
333.0 12.252079 6299.25647983
356.0 9.583699 7404.22910788
363.0 11.204913 8101.53911769
373.0 11.853127 18794.7294825
381.0 9.672029 20832.9468413
382.0 9.685645 5320.76427575
392.0 9.394983 4311.73573485
397.0 8.004668 6696.95882735
442.0 9.535542 9867.57749995
445.0 9.312304 7560.3780891
499.0 7.948153 10108.5243959
513.0 9.344183 15494.6886662
514.0 8.264041 14107.4169637
522.0 9.499756 12559.3434939
537.0 9.256509 12607.9924298
541.0 8.451427 4616.02221979
547.0 9.243162 15296.4713928
554.0 7.483265 6126.83339733
556.0 8.999429 12266.0013931
561.0 7.619594 9250.52130029
574.0 8.138801 10846.6136617
588.0 8.241579 9858.21848384
608.0 9.260224 7877.8456007
676.0 7.69164 5320.76427575
701.0 8.200621 10553.0825431
705.0 7.708148 5644.39106615
723.0 7.016666 39615.3590327
734.0 7.890142 16110.6200308
739.0 7.82567 16491.4147679
750.0 7.565464 6314.83946453
808.0 7.415847 13131.3863069
850.0 7.699852 9867.57749995
868.0 7.662314 6695.55776338
901.0 7.024953 33064.065489
913.0 7.176063 5101.50317377
923.0 7.394824 19020.6858154
29.0 12.425856 4857.69707089
76.0 14.253157 2993.87792216
80.0 19.90448 797.26046779
92.0 15.43677 8621.90800478
97.0 17.37022 4698.00162525
106.0 18.083981 5175.66715313
129.0 12.387118 12014.4728608
168.0 14.956313 7466.01926273
187.0 16.888029 623.702438356
189.0 9.88835 5552.09196384
196.0 10.265828 8412.87832849
210.0 16.431992 891.006620882
224.0 9.920355 3764.35315265
231.0 8.193781 8669.0135137
279.0 9.721494 891.006620882
283.0 12.480027 6782.01362871
288.0 12.889372 11147.8695575
291.0 9.754568 7204.88179095
303.0 9.321693 13382.1541514
321.0 10.266054 5830.98371843
323.0 9.123919 7494.83972866
361.0 10.539712 6976.49335179
366.0 11.284322 7576.54483184
378.0 9.575841 7008.25838401
380.0 10.600226 8143.36233921
408.0 8.10287 14738.4020096
409.0 9.453959 8746.50429315
410.0 10.110106 2929.45249792
411.0 8.318864 9614.37177674
412.0 8.725984 7907.80872372
414.0 7.397077 5552.09196384
428.0 8.876711 15780.6073476
429.0 8.122274 4698.00162525
460.0 7.403021 7892.80145974
469.0 7.149314 5788.43341486
493.0 8.137382 7614.86303347
501.0 8.830717 7466.01926273
510.0 9.751836 4187.29409097
528.0 8.379472 4187.29409097
540.0 7.62514 10558.7226527
565.0 7.495283 2622.02951754
596.0 8.42985 4997.26838708
598.0 8.185803 5175.66715313
638.0 8.183666 6823.22260955
643.0 8.104115 3868.68582193
691.0 7.602894 20432.2461518
720.0 7.414602 8135.98261001
761.0 8.003438 4015.87121084
762.0 7.774475 6982.95779653
801.0 7.196236 7773.52810393
802.0 7.764393 13666.2583569
917.0 7.552028 13239.5206458
950.0 7.095823 5766.98459116
58.0 19.939898 8671.88167873
103.0 11.638673 4462.01260566
142.0 17.923311 12732.8507062
170.0 12.400229 5219.44490106
171.0 15.628165 3177.19734912
186.0 9.389675 5413.89946998
198.0 8.662282 12210.2695756
200.0 12.345845 11833.8002544
203.0 7.848018 9494.54689232
223.0 9.661505 13297.2765074
226.0 12.324057 15992.324611
232.0 13.214702 9294.13491655
241.0 11.935333 10153.3779565
259.0 11.40562 6257.77987572
266.0 8.866796 10409.0166607
269.0 13.381284 8951.06413054
292.0 11.667989 8225.60928892
296.0 13.738476 7284.89163751
308.0 8.331553 5480.62245259
343.0 7.917252 13297.2765074
357.0 10.715528 10947.7417304
379.0 9.625211 10902.603464
382.0 9.685645 5320.76427593
392.0 9.394983 4311.73573513
396.0 7.40002 3485.90917998
398.0 9.663279 17294.4064631
415.0 11.882016 5415.97025954
421.0 9.615917 15223.12031
439.0 9.939759 2793.16554144
442.0 9.535542 18239.6446168
449.0 8.163109 5415.97025954
471.0 7.672216 13340.3590017
512.0 9.238213 12640.2535684
513.0 9.344183 17294.4064631
516.0 8.440372 16127.81725
519.0 8.702547 3177.19734912
529.0 8.13265 11411.4071735
547.0 9.243162 17555.7400053
564.0 8.870076 3403.94301478
586.0 8.856999 13404.9186059
616.0 9.055924 12916.3439115
654.0 7.331397 2793.16554144
657.0 7.837395 13509.7039257
676.0 7.69164 5320.76427593
694.0 8.230327 17094.9306338
748.0 7.295907 15213.5490919
792.0 7.344227 12412.7042214
823.0 7.684922 10846.1224821
846.0 7.050373 3264.7772719
913.0 7.176063 5101.50317393
40.0 13.367429 10651.2156157
53.0 19.802979 5643.89225486
68.0 13.504759 9583.464098
71.0 18.614651 2537.35351157
76.0 14.253157 2993.87792254
80.0 19.90448 797.260467795
83.0 16.517517 26157.551773
87.0 11.364276 3361.17074626
90.0 19.407341 2385.4226274
110.0 10.601933 4077.0547753
116.0 15.497347 15973.2444639
128.0 17.109447 2583.20256264
141.0 15.08843 12685.1829219
150.0 17.125299 12222.3982015
153.0 11.510856 8331.19046465
154.0 8.734169 6959.66750496
157.0 11.893298 4591.99970214
165.0 10.63539 12955.631399
187.0 16.888029 623.702438287
204.0 9.671532 4461.78013657
210.0 16.431992 891.006621285
211.0 13.547782 3361.17074626
213.0 10.918134 7592.65097131
220.0 14.185372 11440.9160667
236.0 12.128325 6745.63925756
245.0 9.382494 13715.4322929
246.0 10.801535 17193.7893065
263.0 11.715627 3665.63211309
279.0 9.721494 891.006621285
293.0 8.422312 8822.5299138
336.0 7.322111 22870.2059397
350.0 10.461879 10205.9271416
354.0 8.808799 8000.79845479
410.0 10.110106 2929.45249799
416.0 9.154178 23408.5658466
454.0 9.359623 10078.1542186
459.0 10.000709 6282.2902178
462.0 9.142666 3759.50954313
490.0 8.981917 7758.0447605
543.0 9.446305 2575.85246541
565.0 7.495283 2622.02951739
571.0 8.24127 12442.6185729
584.0 8.272266 7125.94654254
591.0 7.270865 15567.1602271
613.0 8.62784 2583.20256264
688.0 7.821873 12226.439633
692.0 8.674575 7125.94654254
704.0 8.009977 7300.05382853
718.0 7.523126 10006.1089749
723.0 7.016666 14175.4080164
732.0 7.459657 3246.49449244
820.0 8.166916 5752.39357916
859.0 7.474487 7400.20075465
906.0 7.21681 12210.2695758
948.0 7.000668 12039.5307048
61.0 19.680529 4284.21637423
68.0 13.504759 6516.99752312
89.0 18.133873 8371.22314166
101.0 15.76494 15561.4192538
113.0 9.734867 10108.5243955
126.0 12.435472 12284.1140983
148.0 15.06811 5685.20574339
215.0 15.42239 15234.1866852
220.0 14.185372 5269.70179086
241.0 11.935333 9948.11336905
245.0 9.382494 3837.93058424
252.0 10.702063 16044.6966416
254.0 7.21109 13018.1363357
266.0 8.866796 9497.68634897
292.0 11.667989 6260.25780713
313.0 12.030515 11681.7292722
345.0 10.689524 3977.23970863
350.0 10.461879 7735.86806602
351.0 12.204839 8651.46312122
379.0 9.625211 9281.80296729
408.0 8.10287 17663.6347932
415.0 11.882016 8633.31511309
424.0 9.233103 12366.3222996
432.0 10.017103 4020.48909382
443.0 8.141773 16722.6653751
446.0 7.939475 13872.7501877
449.0 8.163109 7560.86920403
453.0 8.884729 12905.7711932
456.0 10.256997 7633.93202133
497.0 9.689087 3616.69253862
499.0 7.948153 3977.23970863
555.0 8.576138 11127.0806715
645.0 8.50889 6095.69075866
666.0 7.904253 7165.39506328
693.0 8.786364 11082.3403696
704.0 8.009977 10986.4864333
717.0 7.118045 21458.3208382
723.0 7.016666 15687.1561619
749.0 7.64761 5401.38292764
827.0 7.287888 7250.52400505
842.0 7.938724 20082.8556966
883.0 7.099232 7874.15913478
898.0 7.46418 6478.0352415
901.0 7.024953 17579.5857614
26.0 11.267281 4883.98810731
57.0 15.423485 1772.09562122
60.0 17.784842 6863.64594411
79.0 11.639593 2394.87640885
87.0 11.364276 2177.13334255
100.0 18.744968 12235.0969903
104.0 19.170218 3047.09876054
110.0 10.601933 3062.84731046
111.0 19.507677 6816.98633657
116.0 15.497347 6359.91937244
134.0 17.093273 4676.37711067
153.0 11.510856 9830.95353507
154.0 8.734169 13544.5516761
171.0 15.628165 3177.19734905
172.0 11.845118 7004.50684762
173.0 7.547609 2343.71400199
179.0 14.275411 9757.01656441
197.0 8.956792 2626.18432035
200.0 12.345845 7971.5340409
204.0 9.671532 4461.78013657
211.0 13.547782 3361.17074626
212.0 14.884767 8833.19591417
217.0 15.286051 2480.96737089
219.0 14.034248 3725.95357421
225.0 11.479555 8485.55798656
234.0 8.287664 1849.64286382
268.0 7.660574 6622.16562077
281.0 12.825077 11548.262525
303.0 9.321693 13382.1541513
326.0 11.750683 9244.69504774
332.0 7.41777 6023.83560014
347.0 10.703224 5607.57233958
354.0 8.808799 9948.11336891
362.0 11.304751 3780.35975663
367.0 9.545905 9757.01656441
371.0 10.098576 4339.30581664
373.0 11.853127 16629.0488003
377.0 11.157428 3429.35429358
385.0 10.866109 4139.03340194
395.0 9.024161 12786.8951185
396.0 7.40002 3485.90917992
400.0 9.594685 3091.59199961
433.0 7.768699 1849.64286382
437.0 7.794971 11865.3328461
439.0 9.939759 2793.16554148
452.0 9.728348 2630.06582112
459.0 10.000709 6282.29021772
467.0 10.218395 4092.13884809
495.0 7.214158 11130.5375937
519.0 8.702547 3177.19734905
530.0 8.345473 7472.92969529
543.0 9.446305 2575.85246521
558.0 7.539002 11788.1488916
560.0 7.094013 2348.2585987
564.0 8.870076 3403.94301463
575.0 9.12564 8542.17236884
591.0 7.270865 16523.1477971
599.0 7.219209 16478.5767035
612.0 9.464749 1893.55601487
618.0 8.615794 7946.16187091
640.0 8.067726 6294.36935611
652.0 7.144011 12916.3918572
654.0 7.331397 2793.16554148
669.0 8.060191 5879.85447324
683.0 8.111865 4155.87299248
688.0 7.821873 6516.99752312
691.0 7.602894 24784.0505819
699.0 8.606977 16595.2544632
700.0 7.85376 11213.499504
719.0 8.202541 1821.36643725
724.0 8.149541 4676.37711067
737.0 8.384665 7955.54791982
738.0 7.722614 11196.4364147
769.0 7.546661 2589.71235152
806.0 7.348619 12916.3918572
808.0 7.415847 23537.3892228
811.0 7.607721 5350.64592824
836.0 7.419276 13293.0300908
