485165195.409790 	 0.000000
493491906.754803 	 0.000000
501961526.376168 	 0.000000
510576506.955940 	 0.000000
519339343.270643 	 0.000000
528252572.913735 	 0.000000
537318777.030452 	 0.000000
546540581.065280 	 0.000000
555920655.522233 	 0.000000
565461716.738204 	 0.000000
575166527.669576 	 0.000000
585037898.692332 	 0.000000
595078688.415899 	 0.000000
605291804.510970 	 0.000000
615680204.551512 	 0.000000
626246896.871246 	 0.000000
636994941.434812 	 0.000000
647927450.723903 	 0.000000
659047590.638579 	 0.000000
670358581.414076 	 0.000000
681863698.553347 	 0.000000
693566273.775589 	 0.000000
705469695.981063 	 0.000000
717577412.232487 	 0.000000
729892928.753235 	 0.000000
742419811.942703 	 0.000000
755161689.409084 	 0.000000
768122251.019879 	 0.000000
781305249.970415 	 0.000000
794714503.870729 	 0.000000
808353895.851098 	 0.000000
822227375.686525 	 0.000000
836338960.940543 	 0.000000
850692738.128657 	 0.000000
865292863.901720 	 0.000000
880143566.249657 	 0.000000
895249145.725817 	 0.000000
910613976.692374 	 0.000000
926242508.587056 	 0.000000
942139267.211650 	 0.000000
958308856.042620 	 0.000000
974755957.564188 	 0.000000
991485334.624331 	 0.000000
1008501831.814026 	 0.000000
1025810376.870188 	 0.000000
1043415982.102654 	 0.000000
1061323745.845685 	 0.000000
1079538853.934385 	 0.000000
1098066581.206423 	 0.000000
1116912293.029561 	 0.000000
1136081446.855400 	 0.000000
1155579593.799760 	 0.000000
1175412380.250215 	 0.000000
1195585549.501219 	 0.000000
1216104943.417257 	 0.000000
1236976504.124586 	 0.000000
1258206275.731979 	 0.000000
1279800406.081034 	 0.000000
1301765148.526473 	 0.000000
1324106863.747038 	 0.000000
1346832021.587471 	 0.000000
1369947202.932057 	 0.000000
1393459101.610378 	 0.000000
1417374526.335739 	 0.000000
1441700402.676897 	 0.000000
1466443775.063573 	 0.000000
1491611808.826442 	 0.000000
1517211792.272121 	 0.000000
1543251138.793730 	 0.000000
1569737389.017720 	 0.000000
1596678212.987553 	 0.000000
1624081412.384799 	 0.000000
1651954922.788418 	 0.000000
1680306815.972782 	 0.000000
1709145302.245164 	 0.000000
1738478732.823298 	 0.000000
1768315602.253788 	 0.000000
1798664550.872028 	 0.000000
1829534367.304281 	 0.000000
1860933991.012764 	 0.000000
1892872514.884407 	 0.000000
1925359187.863985 	 0.000000
1958403417.632509 	 0.000000
1992014773.331541 	 0.000000
2026202988.334315 	 0.000000
2060977963.064338 	 0.000000
2096349767.862435 	 0.000000
2132328645.902998 	 0.000000
2168925016.160224 	 0.000000
2206149476.425329 	 0.000000
2244012806.375502 	 0.000000
2282525970.695581 	 0.000000
2321700122.253226 	 0.000000
2361546605.328647 	 0.000000
2402076958.899779 	 0.000000
2443302919.983757 	 0.000000
2485236427.035811 	 0.000000
2527889623.406501 	 0.000000
2571274860.858211 	 0.000000
2615404703.142066 	 0.000000
2660291929.636247 	 0.000000
2705949539.046663 	 0.000000
2752390753.171227 	 0.000000
2799629020.728685 	 0.000000
2847678021.253215 	 0.000000
2896551669.055763 	 0.000000
2946264117.253466 	 0.000000
2996829761.868218 	 0.000000
3048263245.995502 	 0.000000
3100579464.044857 	 0.000000
3153793566.053069 	 0.000000
3207920962.071453 	 0.000000
3262977326.628319 	 0.000000
3318978603.268126 	 0.000000
3375941009.168543 	 0.000000
3433881039.836642 	 0.000000
3492815473.885802 	 0.000000
3552761377.894592 	 0.000000
3613736111.348939 	 0.000000
3675757331.669225 	 0.000000
3738842999.323666 	 0.000000
3803011383.029333 	 0.000000
3868281065.042562 	 0.000000
3934670946.540090 	 0.000000
4002200253.092624 	 0.000000
4070888540.232206 	 0.000000
4140755699.115267 	 0.000000
4211821962.282861 	 0.000000
4284107909.519642 	 0.000000
4357634473.813534 	 0.000000
4432422947.417595 	 0.000000
4508494988.016022 	 0.000000
4585872624.995809 	 0.000000
4664578265.826197 	 0.000000
4744634702.547608 	 0.000000
4826065118.371800 	 0.000000
4908893094.395461 	 0.000000
4993142616.428929 	 0.000000
5078838081.942214 	 0.000000
5166004307.130052 	 0.000000
5254666534.098379 	 0.000000
5344850438.174144 	 0.000000
5436582135.340405 	 0.000000
5529888189.799212 	 0.000000
5624795621.664272 	 0.000000
5721331914.785485 	 0.000000
5819525024.707931 	 0.000000
5919403386.767460 	 0.000000
6020995924.325047 	 0.000000
6124332057.142669 	 0.000000
6229441709.902801 	 0.000000
6336355320.874279 	 0.000000
6445103850.726656 	 0.000000
6555718791.496039 	 0.000000
6668232175.704806 	 0.000000
6782676585.637638 	 0.000000
6899085162.776975 	 0.000000
7017491617.400271 	 0.000000
7137930238.342123 	 0.000000
7260435902.923671 	 0.000000
7385044087.052660 	 0.000000
7511790875.496834 	 0.000000
7640712972.333422 	 0.000000
7771847711.578221 	 0.000000
7905233067.996949 	 0.000000
8040907668.102305 	 0.000000
8178910801.339473 	 0.000000
8319282431.464008 	 0.000000
8462063208.114581 	 0.000000
8607294478.584650 	 0.000000
8755018299.795992 	 0.000000
8905277450.477919 	 0.000000
9058115443.555202 	 0.000000
9213576538.748901 	 0.000000
9371705755.393438 	 0.000000
9532548885.473379 	 0.000000
9696152506.884262 	 0.000000
9862563996.920839 	 0.000000
10031831545.997007 	 0.000000
10204004171.600861 	 0.000000
10379131732.489567 	 0.000000
10557264943.127865 	 0.000000
10738455388.374041 	 0.000000
10922755538.418324 	 0.000000
11110218763.977423 	 0.000000
11300899351.750101 	 0.000000
11494852520.137592 	 0.000000
11692134435.234190 	 0.000000
11892802227.092276 	 0.000000
12096914006.266129 	 0.000000
12304528880.640043 	 0.000000
12515706972.545263 	 0.000000
12730509436.170305 	 0.000000
12948998475.270472 	 0.000000
13171237361.181314 	 0.000000
13397290451.140850 	 0.000000
13627223206.926683 	 0.000000
13861102213.812725 	 0.000000
14098995199.851532 	 0.000000
14340971055.487106 	 0.000000
14587099853.504734 	 0.000000
14837452869.323233 	 0.000000
15092102601.634995 	 0.000000
15351122793.400785 	 0.000000
15614588453.204559 	 0.000000
15882575876.975107 	 0.000000
16155162670.079943 	 0.000000
16432427769.798880 	 0.000000
16714451468.183338 	 0.000000
17001315435.307430 	 0.000000
17293102742.918694 	 0.000000
17589897888.494377 	 0.000000
17891786819.710953 	 0.000000
18198856959.332924 	 0.000000
18511197230.529724 	 0.000000
18828898082.626156 	 0.000000
19152051517.295490 	 0.000000
19480751115.201729 	 0.000000
19815092063.099506 	 0.000000
20155171181.398426 	 0.000000
20501086952.201061 	 0.000000
20852939547.822231 	 0.000000
21210830859.797024 	 0.000000
21574864528.387455 	 0.000000
21945145972.595058 	 0.000000
22321782420.689045 	 0.000000
22704882941.257648 	 0.000000
23094558474.793049 	 0.000000
23490921865.818439 	 0.000000
23894087895.565701 	 0.000000
24304173315.214756 	 0.000000
24721296879.702888 	 0.000000
25145579382.114845 	 0.000000
25577143688.662277 	 0.000000
26016114774.264317 	 0.000000
26462619758.738827 	 0.000000
26916787943.613953 	 0.000000
27378750849.572376 	 0.000000
27848642254.537666 	 0.000000
28326598232.414848 	 0.000000
28812757192.494820 	 0.000000
29307259919.536488 	 0.000000
29810249614.535370 	 0.000000
30321871936.192959 	 0.000000
30842275043.097221 	 0.000000
31371609636.627670 	 0.000000
31910029004.595692 	 0.000000
32457689065.634846 	 0.000000
33014748414.353050 	 0.000000
33581368367.258659 	 0.000000
34157713009.475887 	 0.000000
34743949242.261299 	 0.000000
35340246831.336563 	 0.000000
35946778456.049438 	 0.000000
36563719759.379677 	 0.000000
37191249398.803093 	 0.000000
37829549098.027481 	 0.000000
38478803699.617783 	 0.000000
39139201218.523560 	 0.000000
39810932896.526039 	 0.000000
40494193257.618065 	 0.000000
41189180164.336609 	 0.000000
41896094875.059975 	 0.000000
42615142102.289940 	 0.000000
43346530071.933304 	 0.000000
44090470583.601807 	 0.000000
44847179071.945320 	 0.000000
45616874669.039200 	 0.000000
46399780267.842285 	 0.000000
47196122586.742569 	 0.000000
48006132235.212326 	 0.000000
48830043780.588966 	 0.000000
49668095816.003166 	 0.000000
50520531029.470970 	 0.000000
51387596274.173378 	 0.000000
52269542639.942017 	 0.000000
53166625525.970184 	 0.000000
54079104714.773529 	 0.000000
55007244447.419029 	 0.000000
55951313500.046242 	 0.000000
56911585261.699699 	 0.000000
57888337813.500107 	 0.000000
58881854009.171295 	 0.000000
59892421556.951454 	 0.000000
60920333102.909172 	 0.000000
61965886315.689384 	 0.000000
63029383972.714874 	 0.000000
64111134047.864784 	 0.000000
65211449800.661293 	 0.000000
66330649866.983574 	 0.000000
67469058351.341103 	 0.000000
68627004920.729301 	 0.000000
69804824900.097412 	 0.000000
71002859369.452393 	 0.000000
72221455262.631561 	 0.000000
73460965467.770554 	 0.000000
74721748929.493164 	 0.000000
76004170752.857635 	 0.000000
77308602309.085480 	 0.000000
78635421343.106308 	 0.000000
79985012082.945862 	 0.000000
81357765350.993820 	 0.000000
82754078677.181229 	 0.000000
84174356414.097931 	 0.000000
85619009854.088425 	 0.000000
87088457348.355789 	 0.000000
88583124428.111404 	 0.000000
90103443927.800720 	 0.000000
91649856110.448395 	 0.000000
93222808795.150116 	 0.000000
94822757486.755844 	 0.000000
96450165507.777023 	 0.000000
98105504132.559509 	 0.000000
99789252723.755951 	 0.000000
101501898871.143433 	 0.000000
103243938532.823654 	 0.000000
105015876178.843262 	 0.000000
106818224937.282639 	 0.000000
108651506742.849823 	 0.000000
110516252488.026917 	 0.000000
112413002176.806793 	 0.000000
114342305081.071716 	 0.000000
116304719899.655930 	 0.000000
118300814920.134506 	 0.000000
120331168183.393051 	 0.000000
122396367651.019318 	 0.000000
124497011375.570251 	 0.000000
126633707673.756531 	 0.000000
128807075302.606079 	 0.000000
131017743638.644104 	 0.000000
133266352860.153534 	 0.000000
135553554132.561066 	 0.000000
137880009797.005005 	 0.000000
140246393562.141907 	 0.000000
142653390699.239532 	 0.000000
145101698240.625732 	 0.000000
147592025181.535675 	 0.000000
150125092685.428802 	 0.000000
152701634292.826569 	 0.000000
155322396133.737518 	 0.000000
157988137143.722717 	 0.000000
160699629283.674438 	 0.000000
163457657763.366821 	 0.000000
166263021268.838074 	 0.000000
169116532193.680878 	 0.000000
172019016874.299072 	 0.000000
174971315829.205231 	 0.000000
177974284002.419464 	 0.000000
181028791011.050720 	 0.000000
184135721397.127716 	 0.000000
187295974883.745911 	 0.000000
190510466635.617035 	 0.000000
193780127524.086700 	 0.000000
197105904396.704224 	 0.000000
200488760351.411438 	 0.000000
203929675015.447876 	 0.000000
207429644829.031982 	 0.000000
210989683333.918976 	 0.000000
214610821466.906677 	 0.000000
218294107858.383362 	 0.000000
222040609135.991638 	 0.000000
225851410233.510986 	 0.000000
229727614705.041748 	 0.000000
233670345044.573822 	 0.000000
237680743011.048492 	 0.000000
241759969958.993774 	 0.000000
245909207174.839783 	 0.000000
250129656218.997498 	 0.000000
254422539273.816071 	 0.000000
258789099497.512390 	 0.000000
263230601384.166687 	 0.000000
267748331129.905670 	 0.000000
272343597005.364990 	 0.000000
277017729734.549622 	 0.000000
281772082880.186096 	 0.000000
286608033235.702881 	 0.000000
291526981223.923218 	 0.000000
296530351302.612061 	 0.000000
301619592376.977600 	 0.000000
306796178219.252747 	 0.000000
312061607895.483154 	 0.000000
317417406199.627686 	 0.000000
322865124095.126221 	 0.000000
328406339164.028931 	 0.000000
334042656063.845947 	 0.000000
339775706992.231506 	 0.000000
345607152159.649780 	 0.000000
351538680270.141357 	 0.000000
357572009010.351562 	 0.000000
363708885546.952026 	 0.000000
369951087032.587769 	 0.000000
376300421120.520813 	 0.000000
382758726488.097961 	 0.000000
389327873369.211548 	 0.000000
396009764095.884460 	 0.000000
402806333649.162415 	 0.000000
409719550219.461792 	 0.000000
416751415776.520813 	 0.000000
423903966649.147705 	 0.000000
431179274114.909546 	 0.000000
438579444999.951050 	 0.000000
446106622289.091003 	 0.000000
453762985746.412842 	 0.000000
461550752546.482178 	 0.000000
469472177916.415955 	 0.000000
477529555788.960632 	 0.000000
485725219466.789673 	 0.000000
494061542298.184875 	 0.000000
502540938364.329285 	 0.000000
511165863178.396423 	 0.000000
519938814396.621643 	 0.000000
528862332541.595093 	 0.000000
537939001737.957275 	 0.000000
547171450460.732910 	 0.000000
556562352296.488403 	 0.000000
566114426717.570679 	 0.000000
575830439869.633301 	 0.000000
585713205372.662354 	 0.000000
595765585135.767456 	 0.000000
605990490185.947510 	 0.000000
616390881511.090332 	 0.000000
626969770917.418457 	 0.000000
637730221901.682861 	 0.000000
648675350538.293091 	 0.000000
659808326381.696655 	 0.000000
671132373384.235352 	 0.000000
682650770829.754028 	 0.000000
694366854283.243896 	 0.000000
706284016556.758545 	 0.000000
718405708691.943604 	 0.000000
730735440959.392334 	 0.000000
743276783875.180420 	 0.000000
756033369234.831421 	 0.000000
769008891165.044678 	 0.000000
782207107193.445435 	 0.000000
795631839336.720093 	 0.000000
809286975207.426392 	 0.000000
823176469139.774414 	 0.000000
837304343334.757202 	 0.000000
851674689024.916870 	 0.000000
866291667659.120239 	 0.000000
881159512107.637451 	 0.000000
896282527887.930176 	 0.000000
911665094411.478027 	 0.000000
927311666251.975342 	 0.000000
943226774435.325439 	 0.000000
959415027751.755127 	 0.000000
975881114090.468384 	 0.000000
992629801797.169312 	 0.000000
1009665941054.935059 	 0.000000
1026994465288.735596 	 0.000000
1044620392594.098267 	 0.000000
1062548827190.269775 	 0.000000
1080784960898.340576 	 0.000000
1099334074644.701050 	 0.000000
1118201539990.333496 	 0.000000
1137392820686.352783 	 0.000000
1156913474256.207031 	 0.000000
1176769153605.074219 	 0.000000
1196965608656.855225 	 0.000000
1217508688019.287354 	 0.000000
1238404340677.592773 	 0.000000
1259658617717.233398 	 0.000000
1281277674076.232666 	 0.000000
1303267770327.532959 	 0.000000
1325635274491.985107 	 0.000000
1348386663882.429688 	 0.000000
1371528526979.452637 	 0.000000
1395067565339.283936 	 0.000000
1419010595534.511230 	 0.000000
1443364551128.029297 	 0.000000
1468136484680.921143 	 0.000000
1493333569794.774414 	 0.000000
1518963103189.051270 	 0.000000
1545032506814.134277 	 0.000000
1571549330000.582520 	 0.000000
1598521251645.354004 	 0.000000
1625956082435.466553 	 0.000000
1653861767109.884277 	 0.000000
1682246386760.197510 	 0.000000
1711118161170.784912 	 0.000000
1740485451199.165283 	 0.000000
1770356761197.172852 	 0.000000
1800740741473.683838 	 0.000000
1831646190799.641602 	 0.000000
1863082058956.051025 	 0.000000
1895057449325.701660 	 0.000000
1927581621529.404785 	 0.000000
1960663994107.402344 	 0.000000
1994314147246.896729 	 0.000000
2028541825556.290039 	 0.000000
2063356940887.111816 	 0.000000
2098769575204.344482 	 0.000000
2134789983506.010010 	 0.000000
2171428596792.902832 	 0.000000
2208696025089.207520 	 0.000000
2246603060515.070801 	 0.000000
2285160680411.796387 	 0.000000
2324380050520.755859 	 0.000000
2364272528216.821777 	 0.000000
2404849665797.296387 	 0.000000
2446123213827.325684 	 0.000000
2488105124542.638184 	 0.000000
2530807555310.811035 	 0.000000
2574242872151.812500 	 0.000000
2618423653319.059570 	 0.000000
2663362692941.895996 	 0.000000
2709073004730.578125 	 0.000000
2755567825744.893066 	 0.000000
2802860620227.403320 	 0.000000
2850965083502.482910 	 0.000000
2899895145942.317383 	 0.000000
2949664977000.932617 	 0.000000
3000288989317.459473 	 0.000000
3051781842889.871094 	 0.000000
3104158449320.235840 	 0.000000
3157433976132.995605 	 0.000000
3211623851167.187012 	 0.000000
3266743767044.169434 	 0.000000
3322809685711.977539 	 0.000000
3379837843067.661133 	 0.000000
3437844753659.020508 	 0.000000
3496847215466.901367 	 0.000000
3556862314769.750000 	 0.000000
3617907431091.472168 	 0.000000
3680000242234.345703 	 0.000000
3743158729398.250488 	 0.000000
3807401182387.755371 	 0.000000
3872746204908.628418 	 0.000000
3939212719955.180176 	 0.000000
4006819975290.065918 	 0.000000
4075587549018.208984 	 0.000000
4145535355256.327148 	 0.000000
4216683649899.765625 	 0.000000
4289053036488.376953 	 0.000000
4362664472172.910645 	 0.000000
4437539273784.026367 	 0.000000
4513699124005.244141 	 0.000000
4591166077651.998047 	 0.000000
4669962568058.389648 	 0.000000
4750111413573.543945 	 0.000000
4831635824169.545898 	 0.000000
4914559408162.608398 	 0.000000
4998906179049.836914 	 0.000000
5084700562463.081055 	 0.000000
5171967403242.319336 	 0.000000
5260731972630.358398 	 0.000000
5351019975591.008789 	 0.000000
5442857558252.950195 	 0.000000
5536271315481.153320 	 0.000000
5631288298578.526367 	 0.000000
5727936023119.456055 	 0.000000
5826242476918.004883 	 0.000000
5926236128132.766602 	 0.000000
6027945933510.825195 	 0.000000
6131401346773.276367 	 0.000000
6236632327144.572266 	 0.000000
6343669348028.244141 	 0.000000
6452543405831.629883 	 0.000000
6563286028941.979492 	 0.000000
6675929286856.603516 	 0.000000
6790505799469.836914 	 0.000000
6907048746519.141602 	 0.000000
7025591877193.672852 	 0.000000
7146169519907.402344 	 0.000000
7268816592240.235352 	 0.000000
7393568611049.625977 	 0.000000
7520461702755.730469 	 0.000000
7649532613803.209961 	 0.000000
7780818721302.300781 	 0.000000
7914358043852.907227 	 0.000000
8050189252554.060547 	 0.000000
8188351682202.634766 	 0.000000
8328885342684.116211 	 0.000000
8471830930558.874023 	 0.000000
8617229840847.392578 	 0.000000
8765124179017.634766 	 0.000000
8915556773178.117188 	 0.000000
9068571186480.421875 	 0.000000
9224211729734.443359 	 0.000000
9382523474240.125000 	 0.000000
9543552264839.615234 	 0.000000
9707344733193.048828 	 0.000000
9873948311282.685547 	 0.000000
10043411245148.300781 	 0.000000
10215782608858.693359 	 0.000000
10391112318722.814453 	 0.000000
10569451147744.777344 	 0.000000
10750850740327.152344 	 0.000000
10935363627226.203125 	 0.000000
11123043240764.341797 	 0.000000
11313943930303.109375 	 0.000000
11508120977982.140625 	 0.000000
11705630614728.046875 	 0.000000
11906530036538.050781 	 0.000000
12110877421043.316406 	 0.000000
12318731944356.066406 	 0.000000
12530153798206.490234 	 0.000000
12745204207373.115234 	 0.000000
12963945447412.810547 	 0.000000
13186440862694.863281 	 0.000000
13412754884744.562500 	 0.000000
13642953050901.806641 	 0.000000
13877102023299.691406 	 0.000000
14115269608168.820312 	 0.000000
14357524775473.185547 	 0.000000
14603937678882.832031 	 0.000000
14854579676089.324219 	 0.000000
15109523349470.130859 	 0.000000
15368842527107.091797 	 0.000000
15632612304166.404297 	 0.000000
15900909064644.746094 	 0.000000
16173810503489.224609 	 0.000000
16451395649096.667969 	 0.000000
16733744886199.083984 	 0.000000
17020939979142.166016 	 0.000000
17313064095562.689453 	 0.000000
17610201830473.148438 	 0.000000
17912439230758.863281 	 0.000000
18219863820096.175781 	 0.000000
18532564624298.011719 	 0.000000
18850632197094.433594 	 0.000000
19174158646355.902344 	 0.000000
19503237660766.308594 	 0.000000
19837964536953.738281 	 0.000000
20178436207087.234375 	 0.000000
20524751266946.902344 	 0.000000
20877010004475.808594 	 0.000000
21235314428822.207031 	 0.000000
21599768299879.468750 	 0.000000
21970477158334.042969 	 0.000000
22347548356228.039062 	 0.000000
22731091088047.156250 	 0.000000
23121216422341.781250 	 0.000000
23518037333890.792969 	 0.000000
23921668736417.800781 	 0.000000
24332227515867.929688 	 0.000000
24749832564257.023438 	 0.000000
25174604814100.496094 	 0.000000
25606667273434.023438 	 0.000000
26046145061434.824219 	 0.000000
26493165444654.332031 	 0.000000
26947857873873.156250 	 0.000000
27410354021587.542969 	 0.000000
27880787820140.613281 	 0.000000
28359295500506.617188 	 0.000000
28846015631741.890625 	 0.000000
29341089161112.363281 	 0.000000
29844659454909.832031 	 0.000000
30356872339969.093750 	 0.000000
30877876145897.140625 	 0.000000
31407821748027.101562 	 0.000000
31946862611109.917969 	 0.000000
32495154833755.464844 	 0.000000
33052857193636.371094 	 0.000000
33620131193468.277344 	 0.000000
34197141107777.894531 	 0.000000
34784054030475.546875 	 0.000000
35381039923242.359375 	 0.000000
35988271664749.234375 	 0.000000
36605925100719.968750 	 0.000000
37234179094853.531250 	 0.000000
37873215580620.992188 	 0.000000
38523219613949.968750 	 0.000000
39184379426815.273438 	 0.000000
39856886481747.273438 	 0.000000
40540935527277.296875 	 0.000000
41236724654333.875000 	 0.000000
41944455353606.968750 	 0.000000
42664332573897.242188 	 0.000000
43396564781466.062500 	 0.000000
44141364020404.054688 	 0.000000
44898945974036.546875 	 0.000000
45669530027382.234375 	 0.000000
46453339330683.820312 	 0.000000
47250600864029.843750 	 0.000000
48061545503083.742188 	 0.000000
48886408085943.492188 	 0.000000
49725427481146.250000 	 0.000000
50578846656841.960938 	 0.000000
51446912751153.328125 	 0.000000
52329877143743.343750 	 0.000000
53227995528612.007812 	 0.000000
54141527988140.429688 	 0.000000
55070739068408.445312 	 0.000000
56015897855802.171875 	 0.000000
56977278054938.304688 	 0.000000
57955158067924.968750 	 0.000000
58949821074982.789062 	 0.000000
59961555116450.734375 	 0.000000
60990653176197.046875 	 0.000000
62037413266464.914062 	 0.000000
63102138514171.125000 	 0.000000
64185137248688.171875 	 0.000000
65286723091131.867188 	 0.000000
66407215045181.359375 	 0.000000
67546937589458.781250 	 0.000000
68706220771493.210938 	 0.000000
69885400303297.281250 	 0.000000
71084817658585.343750 	 0.000000
72304820171659.187500 	 0.000000
73545761137990.890625 	 0.000000
74807999916533.234375 	 0.000000
76091902033783.125000 	 0.000000
77397839289635.000000 	 0.000000
78726189865047.015625 	 0.000000
80077338431557.921875 	 0.000000
81451676262682.203125 	 0.000000
82849601347216.843750 	 0.000000
84271518504496.156250 	 0.000000
85717839501615.203125 	 0.000000
87188983172680.125000 	 0.000000
88685375540089.906250 	 0.000000
90207449937909.500000 	 0.000000
91755647137356.656250 	 0.000000
93330415474442.265625 	 0.000000
94932210979804.921875 	 0.000000
96561497510766.859375 	 0.000000
98218746885663.187500 	 0.000000
99904439020473.093750 	 0.000000
101619062067796.734375 	 0.000000
103363112558217.406250 	 0.000000
105137095544088.890625 	 0.000000
106941524745794.546875 	 0.000000
108776922700509.015625 	 0.000000
110643820913520.500000 	 0.000000
112542760012146.500000 	 0.000000
114474289902291.796875 	 0.000000
116438969927693.421875 	 0.000000
118437369031897.921875 	 0.000000
120470065923022.578125 	 0.000000
122537649241336.234375 	 0.000000
124640717729724.437500 	 0.000000
126779880407076.062500 	 0.000000
128955756744646.640625 	 0.000000
131168976845448.390625 	 0.000000
133420181626718.265625 	 0.000000
135710023005522.265625 	 0.000000
138039164087535.718750 	 0.000000
140408279359073.125000 	 0.000000
142818054882408.875000 	 0.000000
145269188494451.187500 	 0.000000
147762390008825.812500 	 0.000000
150298381421426.937500 	 0.000000
152877897119501.281250 	 0.000000
155501684094309.812500 	 0.000000
158170502157450.187500 	 0.000000
160885124160886.343750 	 0.000000
163646336220754.250000 	 0.000000
166454937945015.937500 	 0.000000
169311742665001.875000 	 0.000000
172217577670956.437500 	 0.000000
175173284451596.687500 	 0.000000
178179718937801.437500 	 0.000000
181237751750475.562500 	 0.000000
184348268452668.093750 	 0.000000
187512169806025.500000 	 0.000000
190730372031624.843750 	 0.000000
194003807075317.187500 	 0.000000
197333422877591.031250 	 0.000000
200720183648089.375000 	 0.000000
204165070144829.750000 	 0.000000
207669079958216.437500 	 0.000000
211233227799934.343750 	 0.000000
214858545796786.437500 	 0.000000
218546083789588.937500 	 0.000000
222296909637188.812500 	 0.000000
226112109525700.687500 	 0.000000
229992788283050.875000 	 0.000000
233940069698918.375000 	 0.000000
237955096850175.062500 	 0.000000
242039032431894.625000 	 0.000000
246193059094059.250000 	 0.000000
250418379784036.625000 	 0.000000
254716218094936.593750 	 0.000000
259087818619946.250000 	 0.000000
263534447312744.875000 	 0.000000
268057391854113.406250 	 0.000000
272657962024817.656250 	 0.000000
277337490084909.625000 	 0.000000
282097331159529.250000 	 0.000000
286938863631329.687500 	 0.000000
291863489539637.062500 	 0.000000
296872634986459.562500 	 0.000000
301967750549474.437500 	 0.000000
307150311702082.562500 	 0.000000
312421819240692.625000 	 0.000000
317783799719328.812500 	 0.000000
323237805891699.062500 	 0.000000
328785417160850.562500 	 0.000000
334428240036540.375000 	 0.000000
340167908600467.062500 	 0.000000
346006084979463.812500 	 0.000000
351944459826836.125000 	 0.000000
357984752811948.625000 	 0.000000
364128713118214.750000 	 0.000000
370378119949648.062500 	 0.000000
376734783046066.312500 	 0.000000
383200543207202.750000 	 0.000000
389777272825747.187500 	 0.000000
396466876429577.375000 	 0.000000
403271291233280.562500 	 0.000000
410192487699140.937500 	 0.000000
417232470107771.875000 	 0.000000
424393277138495.062500 	 0.000000
431676982459754.750000 	 0.000000
439085695329589.750000 	 0.000000
446621561206459.937500 	 0.000000
454286762370537.750000 	 0.000000
462083518555662.000000 	 0.000000
470014087592154.812500 	 0.000000
478080766060637.625000 	 0.000000
486285889957101.687500 	 0.000000
494631835369375.875000 	 0.000000
503121019165208.312500 	 0.000000
511755899692157.187500 	 0.000000
520538977489489.500000 	 0.000000
529472796012316.750000 	 0.000000
538559942368121.500000 	 0.000000
547803048065961.875000 	 0.000000
557204789778515.500000 	 0.000000
566767890117206.000000 	 0.000000
576495118420633.250000 	 0.000000
586389291556529.750000 	 0.000000
596453274737503.125000 	 0.000000
606689982350735.500000 	 0.000000
617102378801966.125000 	 0.000000
627693479373936.375000 	 0.000000
638466351099573.875000 	 0.000000
649424113650161.125000 	 0.000000
660569940238743.875000 	 0.000000
671907058539067.375000 	 0.000000
683438751620237.125000 	 0.000000
695168358897467.500000 	 0.000000
707099277099125.125000 	 0.000000
719234961250373.000000 	 0.000000
731578925673696.625000 	 0.000000
744134745006597.500000 	 0.000000
756906055236778.125000 	 0.000000
769896554755041.250000 	 0.000000
783110005426312.750000 	 0.000000
796550233679018.875000 	 0.000000
810221131613160.000000 	 0.000000
824126658127437.000000 	 0.000000
838270840065628.500000 	 0.000000
852657773382789.125000 	 0.000000
867291624331316.125000 	 0.000000
882176630667466.000000 	 0.000000
897317102878543.625000 	 0.000000
912717425431151.125000 	 0.000000
928382058040900.500000 	 0.000000
944315536963812.125000 	 0.000000
960522476310042.375000 	 0.000000
977007569379991.875000 	 0.000000
993775590023452.000000 	 0.000000
1010831394022038.000000 	 0.000000
1028179920495347.000000 	 0.000000
1045826193331286.250000 	 0.000000
1063775322640877.000000 	 0.000000
1082032506238098.500000 	 0.000000
1100603031145095.125000 	 0.000000
1119492275123222.500000 	 0.000000
1138705708230371.000000 	 0.000000
1158248894405010.250000 	 0.000000
1178127493077457.500000 	 0.000000
1198347260808722.000000 	 0.000000
1218914052957554.750000 	 0.000000
1239833825376069.750000 	 0.000000
1261112636134475.000000 	 0.000000
1282756647275402.750000 	 0.000000
1304772126598342.250000 	 0.000000
1327165449474741.750000 	 0.000000
1349943100694170.750000 	 0.000000
1373111676342260.250000 	 0.000000
1396677885710827.000000 	 0.000000
1420648553240788.250000 	 0.000000
1445030620498425.250000 	 0.000000
1469831148185550.500000 	 0.000000
1495057318184229.750000 	 0.000000
1520716435636490.750000 	 0.000000
1546815931059831.000000 	 0.000000
1573363362498979.250000 	 0.000000
1600366417714599.500000 	 0.000000
1627832916409556.500000 	 0.000000
1655770812493380.750000 	 0.000000
1684188196385654.000000 	 0.000000
1713093297358810.000000 	 0.000000
1742494485921263.750000 	 0.000000
1772400276241378.750000 	 0.000000
1802819328613038.000000 	 0.000000
1833760451963606.250000 	 0.000000
1865232606404729.500000 	 0.000000
1897244905827238.000000 	 0.000000
1929806620540256.500000 	 0.000000
1962927179955819.750000 	 0.000000
1996616175319484.750000 	 0.000000
2030883362487804.750000 	 0.000000
2065738664753559.000000 	 0.000000
2101192175719240.250000 	 0.000000
2137254162220220.750000 	 0.000000
2173935067297724.250000 	 0.000000
2211245513223054.250000 	 0.000000
2249196304573639.750000 	 0.000000
2287798431361872.000000 	 0.000000
2327063072217721.500000 	 0.000000
2367001597625813.000000 	 0.000000
2407625573218223.000000 	 0.000000
2448946763123707.000000 	 0.000000
2490977133374423.000000 	 0.000000
2533728855371128.000000 	 0.000000
2577214309407822.000000 	 0.000000
2621446088256982.000000 	 0.000000
2666437000816140.500000 	 0.000000
2712200075817232.000000 	 0.000000
2758748565599515.000000 	 0.000000
2806095949947258.000000 	 0.000000
2854255939993297.500000 	 0.000000
2903242482189565.500000 	 0.000000
2953069762345868.500000 	 0.000000
3003752209737772.500000 	 0.000000
3055304501285201.000000 	 0.000000
3107741565802642.000000 	 0.000000
3161078588322321.500000 	 0.000000
3215331014491574.000000 	 0.000000
3270514555045660.000000 	 0.000000
3326645190357466.000000 	 0.000000
3383739175065056.500000 	 0.000000
3441813042778878.000000 	 0.000000
3500883610869636.000000 	 0.000000
3560967985338368.000000 	 0.000000
3622083565770101.000000 	 0.000000
3684248050372495.000000 	 0.000000
3747479441101103.000000 	 0.000000
3811796048872323.000000 	 0.000000
3877216498866085.500000 	 0.000000
3943759735919415.500000 	 0.000000
4011445030012563.000000 	 0.000000
4080291981849456.500000 	 0.000000
4150320528533477.000000 	 0.000000
4221550949341362.000000 	 0.000000
4294003871595481.500000 	 0.000000
4367700276637361.500000 	 0.000000
4442661505903557.000000 	 0.000000
4518909267105796.000000 	 0.000000
4596465640517387.000000 	 0.000000
4675353085367000.000000 	 0.000000
4755594446342994.000000 	 0.000000
4837212960208560.000000 	 0.000000
4920232262530919.000000 	 0.000000
5004676394525815.000000 	 0.000000
5090569810019480.000000 	 0.000000
5177937382530291.000000 	 0.000000
5266804412471394.000000 	 0.000000
5357196634477853.000000 	 0.000000
5449140224858638.000000 	 0.000000
5542661809177092.000000 	 0.000000
5637788469961285.000000 	 0.000000
5734547754546689.000000 	 0.000000
5832967683053700.000000 	 0.000000
5933076756501420.000000 	 0.000000
6034903965061721.000000 	 0.000000
6138478796453940.000000 	 0.000000
6243831244484264.000000 	 0.000000
6350991817731694.000000 	 0.000000
6459991548382406.000000 	 0.000000
6570862001216913.000000 	 0.000000
6683635282750041.000000 	 0.000000
6798344050529221.000000 	 0.000000
6915021522591142.000000 	 0.000000
7033701487081400.000000 	 0.000000
7154418312039278.000000 	 0.000000
7277206955349691.000000 	 0.000000
7402102974867198.000000 	 0.000000
7529142538712499.000000 	 0.000000
7658362435746462.000000 	 0.000000
7789800086223611.000000 	 0.000000
7923493552628443.000000 	 0.000000
8059481550698066.000000 	 0.000000
8197803460633109.000000 	 0.000000
8338499338502466.000000 	 0.000000
8481609927842340.000000 	 0.000000
8627176671455278.000000 	 0.000000
8775241723411366.000000 	 0.000000
8925847961255388.000000 	 0.000000
9079038998423872.000000 	 0.000000
9234859196874224.000000 	 0.000000
9393353679932224.000000 	 0.000000
9554568345358390.000000 	 0.000000
9718549878639642.000000 	 0.000000
9885345766508700.000000 	 0.000000
10055004310695496.000000 	 0.000000
10227574641915028.000000 	 0.000000
10403106734094130.000000 	 0.000000
10581651418844226.000000 	 0.000000
10763260400180654.000000 	 0.000000
10947986269495770.000000 	 0.000000
11135882520788604.000000 	 0.000000
11327003566155886.000000 	 0.000000
11521404751549422.000000 	 0.000000
11719142372802612.000000 	 0.000000
