857 
9.817299e+11 1.384835e-05 2.494389e-07 
9.637935e+11 1.451763e-05 5.109606e-07 
9.461848e+11 1.521596e-05 7.850910e-07 
9.288979e+11 1.594443e-05 1.072376e-06 
9.119268e+11 1.670430e-05 1.373383e-06 
8.952658e+11 1.749673e-05 1.688701e-06 
8.789091e+11 1.832307e-05 2.018944e-06 
8.628513e+11 1.918463e-05 2.364748e-06 
8.470869e+11 2.008270e-05 2.726775e-06 
8.316106e+11 2.101868e-05 3.105712e-06 
8.164168e+11 2.199409e-05 3.502270e-06 
8.015008e+11 2.301036e-05 3.917191e-06 
7.868573e+11 2.406920e-05 4.351244e-06 
7.724812e+11 2.517200e-05 4.805226e-06 
7.583679e+11 2.632063e-05 5.279965e-06 
7.445124e+11 2.751693e-05 5.776323e-06 
7.309100e+11 2.876260e-05 6.295195e-06 
7.175563e+11 3.005960e-05 6.837510e-06 
7.044463e+11 3.140988e-05 7.404231e-06 
6.915760e+11 3.281531e-05 7.996359e-06 
6.789408e+11 3.427811e-05 8.614930e-06 
6.665365e+11 3.580043e-05 9.261023e-06 
6.543587e+11 3.738421e-05 9.935753e-06 
6.424035e+11 3.903183e-05 1.064027e-05 
6.306668e+11 4.074555e-05 1.137579e-05 
6.191443e+11 4.252760e-05 1.214353e-05 
6.078325e+11 4.438067e-05 1.294478e-05 
5.967273e+11 4.630691e-05 1.378088e-05 
5.858250e+11 4.768345e-05 1.464743e-05 
5.751219e+11 4.974916e-05 1.554572e-05 
5.646143e+11 5.189330e-05 1.648282e-05 
5.542988e+11 5.411846e-05 1.746020e-05 
5.441716e+11 5.642758e-05 1.847938e-05 
5.342295e+11 5.882329e-05 1.954194e-05 
5.244691e+11 6.130865e-05 2.064951e-05 
5.148870e+11 6.388671e-05 2.180375e-05 
5.054799e+11 6.656085e-05 2.300642e-05 
4.962447e+11 6.933446e-05 2.425931e-05 
4.871782e+11 7.221088e-05 2.556430e-05 
4.782774e+11 7.519391e-05 2.692331e-05 
4.695392e+11 7.828734e-05 2.833833e-05 
4.609607e+11 8.149512e-05 2.981146e-05 
4.525389e+11 8.482175e-05 3.134483e-05 
4.442709e+11 8.827090e-05 3.294066e-05 
4.361540e+11 9.184708e-05 3.460127e-05 
4.281854e+11 9.681369e-05 3.634064e-05 
4.203624e+11 1.007113e-04 3.816173e-05 
4.126823e+11 1.047499e-04 4.005599e-05 
4.051425e+11 1.089332e-04 4.202605e-05 
3.977405e+11 1.132666e-04 4.407464e-05 
3.904729e+11 1.177550e-04 4.620481e-05 
3.833397e+11 1.224016e-04 4.841868e-05 
3.763352e+11 1.272140e-04 5.072030e-05 
3.694603e+11 1.321946e-04 5.311165e-05 
3.627095e+11 1.373512e-04 5.559704e-05 
3.560835e+11 1.426866e-04 5.817855e-05 
3.495770e+11 1.482090e-04 6.086080e-05 
3.431909e+11 1.539213e-04 6.364597e-05 
3.369201e+11 1.598326e-04 6.653899e-05 
3.307652e+11 1.659461e-04 6.954216e-05 
3.247213e+11 1.722709e-04 7.266075e-05 
3.187894e+11 1.788103e-04 7.589717e-05 
3.129643e+11 1.855746e-04 7.925704e-05 
3.072471e+11 1.925673e-04 8.274292e-05 
3.016330e+11 1.997989e-04 8.636080e-05 
2.961227e+11 2.072741e-04 9.011338e-05 
2.907119e+11 2.150036e-04 9.400706e-05 
2.854012e+11 2.229916e-04 9.804470e-05 
2.801863e+11 2.312505e-04 1.022331e-04 
2.750678e+11 2.397837e-04 1.065753e-04 
2.700417e+11 2.486043e-04 1.110786e-04 
2.651086e+11 2.577170e-04 1.157461e-04 
2.602644e+11 2.671349e-04 1.205855e-04 
2.555099e+11 2.768631e-04 1.256004e-04 
2.508412e+11 2.869157e-04 1.307988e-04 
2.462588e+11 2.972980e-04 1.361843e-04 
2.417591e+11 3.080245e-04 1.417658e-04 
2.373426e+11 3.191001e-04 1.475469e-04 
2.330058e+11 3.305411e-04 1.535370e-04 
2.287493e+11 3.423526e-04 1.597401e-04 
2.245695e+11 3.545514e-04 1.661660e-04 
2.204671e+11 3.671429e-04 1.728189e-04 
2.164386e+11 3.801443e-04 1.797094e-04 
2.124847e+11 3.935612e-04 1.868417e-04 
2.086021e+11 4.074131e-04 1.942272e-04 
2.047914e+11 4.217040e-04 2.018704e-04 
2.010494e+11 4.364543e-04 2.097832e-04 
1.973766e+11 4.516702e-04 2.179703e-04 
1.937701e+11 4.673735e-04 2.264445e-04 
1.902303e+11 4.835676e-04 2.352107e-04 
1.867544e+11 5.002746e-04 2.442824e-04 
1.833427e+11 5.175039e-04 2.536647e-04 
1.799926e+11 5.352753e-04 2.633721e-04 
1.767045e+11 5.535943e-04 2.734098e-04 
1.734757e+11 5.724884e-04 2.837930e-04 
1.703067e+11 5.919620e-04 2.945274e-04 
1.671948e+11 6.120400e-04 3.056291e-04 
1.641405e+11 6.327307e-04 3.171040e-04 
1.611412e+11 6.540585e-04 3.289690e-04 
1.581975e+11 6.760347e-04 3.412304e-04 
1.553069e+11 6.986838e-04 3.539062e-04 
1.524697e+11 7.220152e-04 3.670028e-04 
1.496838e+11 7.460557e-04 3.805394e-04 
1.469493e+11 7.708162e-04 3.945226e-04 
1.442642e+11 7.963260e-04 4.089727e-04 
1.416288e+11 8.225915e-04 4.238966e-04 
1.390409e+11 8.496466e-04 4.393158e-04 
1.365009e+11 8.774995e-04 4.552374e-04 
1.340068e+11 9.061844e-04 4.716841e-04 
1.315587e+11 9.357053e-04 4.886635e-04 
1.291548e+11 9.661034e-04 5.061994e-04 
1.267954e+11 9.973820e-04 5.242997e-04 
1.244786e+11 1.029584e-03 5.429897e-04 
1.222046e+11 1.062717e-03 5.622774e-04 
1.199717e+11 1.096818e-03 5.821898e-04 
1.177800e+11 1.131899e-03 6.027351e-04 
1.156279e+11 1.168004e-03 6.239417e-04 
1.135156e+11 1.205139e-03 6.458184e-04 
1.114414e+11 1.243348e-03 6.683951e-04 
1.094056e+11 1.282646e-03 6.916809e-04 
1.074065e+11 1.323074e-03 7.157073e-04 
1.054444e+11 1.364651e-03 7.404840e-04 
1.035177e+11 1.407423e-03 7.660443e-04 
1.016266e+11 1.451397e-03 7.923982e-04 
9.976970e+10 1.496633e-03 8.195810e-04 
9.794711e+10 1.543136e-03 8.476029e-04 
9.615738e+10 1.590966e-03 8.765014e-04 
9.440078e+10 1.640133e-03 9.062872e-04 
9.267587e+10 1.690697e-03 9.369996e-04 
9.098286e+10 1.742670e-03 9.686499e-04 
8.932039e+10 1.796111e-03 1.001280e-03 
8.768869e+10 1.851038e-03 1.034901e-03 
8.608642e+10 1.907504e-03 1.069557e-03 
8.451378e+10 1.965539e-03 1.105261e-03 
8.296953e+10 2.025192e-03 1.142058e-03 
8.145384e+10 2.086486e-03 1.179961e-03 
7.996549e+10 2.149489e-03 1.219019e-03 
7.850468e+10 2.214219e-03 1.259246e-03 
7.707022e+10 2.280747e-03 1.300693e-03 
7.566230e+10 2.349087e-03 1.343373e-03 
7.427978e+10 2.419320e-03 1.387340e-03 
7.292283e+10 2.491460e-03 1.432610e-03 
7.159036e+10 2.570056e-03 1.479281e-03 
7.028255e+10 2.646130e-03 1.527366e-03 
6.899833e+10 2.724263e-03 1.576884e-03 
6.773787e+10 2.804471e-03 1.627851e-03 
6.650014e+10 2.886827e-03 1.680328e-03 
6.528532e+10 2.971362e-03 1.734332e-03 
6.409241e+10 3.058158e-03 1.789928e-03 
6.292142e+10 3.147242e-03 1.847139e-03 
6.177184e+10 3.238689e-03 1.906014e-03 
6.064326e+10 3.332547e-03 1.966598e-03 
5.953530e+10 3.428884e-03 2.028936e-03 
5.844758e+10 3.527762e-03 2.093073e-03 
5.737973e+10 3.629233e-03 2.159057e-03 
5.633140e+10 3.733367e-03 2.226937e-03 
5.530222e+10 3.840232e-03 2.296762e-03 
5.429184e+10 3.949892e-03 2.368584e-03 
5.329992e+10 4.062413e-03 2.442454e-03 
5.232612e+10 4.177871e-03 2.518425e-03 
5.137012e+10 4.296336e-03 2.596554e-03 
5.043157e+10 4.417880e-03 2.676895e-03 
4.951018e+10 4.542597e-03 2.759506e-03 
4.860562e+10 4.670534e-03 2.844447e-03 
4.771759e+10 4.801789e-03 2.931778e-03 
4.684578e+10 4.936440e-03 3.021560e-03 
4.598990e+10 5.074580e-03 3.113857e-03 
4.514966e+10 5.216271e-03 3.208734e-03 
4.432477e+10 5.361616e-03 3.306258e-03 
4.351495e+10 5.510725e-03 3.406496e-03 
4.271992e+10 5.663627e-03 3.509518e-03 
4.193943e+10 5.820474e-03 3.615397e-03 
4.117319e+10 5.981336e-03 3.724204e-03 
4.042095e+10 6.146324e-03 3.836016e-03 
3.968245e+10 6.315514e-03 3.950908e-03 
3.895745e+10 6.489007e-03 4.068960e-03 
3.824569e+10 6.666926e-03 4.190252e-03 
3.754693e+10 6.849363e-03 4.314866e-03 
3.686094e+10 7.036433e-03 4.442887e-03 
3.618749e+10 7.228249e-03 4.574401e-03 
3.552634e+10 7.424924e-03 4.709497e-03 
3.487727e+10 7.626562e-03 4.848265e-03 
3.424006e+10 7.833289e-03 4.990798e-03 
3.361448e+10 8.062149e-03 5.137347e-03 
3.300034e+10 8.279664e-03 5.288011e-03 
3.239742e+10 8.502551e-03 5.442736e-03 
3.180552e+10 8.730964e-03 5.601621e-03 
3.122442e+10 8.965001e-03 5.764770e-03 
3.065395e+10 9.204820e-03 5.932287e-03 
3.009390e+10 9.450535e-03 6.104282e-03 
2.954408e+10 9.702279e-03 6.280862e-03 
2.900430e+10 9.960213e-03 6.462141e-03 
2.847439e+10 1.022447e-02 6.648235e-03 
2.795416e+10 1.049515e-02 6.839261e-03 
2.744343e+10 1.077249e-02 7.035339e-03 
2.694204e+10 1.105654e-02 7.236593e-03 
2.644980e+10 1.134753e-02 7.443148e-03 
2.596656e+10 1.164557e-02 7.655135e-03 
2.549215e+10 1.195088e-02 7.872683e-03 
2.502640e+10 1.226356e-02 8.095930e-03 
2.456916e+10 1.258383e-02 8.325011e-03 
2.412028e+10 1.291178e-02 8.560070e-03 
2.367960e+10 1.324769e-02 8.801248e-03 
2.324697e+10 1.359163e-02 9.048695e-03 
2.282225e+10 1.394389e-02 9.302560e-03 
2.240528e+10 1.430453e-02 9.562998e-03 
2.199593e+10 1.467386e-02 9.830166e-03 
2.159406e+10 1.505200e-02 1.010422e-02 
2.119954e+10 1.543920e-02 1.038534e-02 
2.081222e+10 1.583565e-02 1.067368e-02 
2.043198e+10 1.624150e-02 1.096942e-02 
2.005868e+10 1.665704e-02 1.127273e-02 
1.969221e+10 1.708243e-02 1.158379e-02 
1.933243e+10 1.751791e-02 1.190279e-02 
1.897922e+10 1.796374e-02 1.222991e-02 
1.863247e+10 1.842003e-02 1.256536e-02 
1.829205e+10 1.888715e-02 1.290931e-02 
1.795785e+10 1.936524e-02 1.326198e-02 
1.762976e+10 1.985457e-02 1.362357e-02 
1.730766e+10 2.035546e-02 1.399429e-02 
1.699145e+10 2.086802e-02 1.437435e-02 
1.668101e+10 2.139263e-02 1.476398e-02 
1.637625e+10 2.192949e-02 1.516339e-02 
1.607705e+10 2.247887e-02 1.557281e-02 
1.578332e+10 2.304104e-02 1.599249e-02 
1.549496e+10 2.361628e-02 1.642265e-02 
1.521186e+10 2.420489e-02 1.686354e-02 
1.493394e+10 2.480713e-02 1.731540e-02 
1.466109e+10 2.542330e-02 1.777851e-02 
1.439323e+10 2.605370e-02 1.825310e-02 
1.413027e+10 2.669861e-02 1.873945e-02 
1.387210e+10 2.735842e-02 1.923784e-02 
1.361866e+10 2.803330e-02 1.974852e-02 
1.336984e+10 2.872370e-02 2.027180e-02 
1.312557e+10 2.942988e-02 2.080795e-02 
1.288577e+10 3.015222e-02 2.135727e-02 
1.265034e+10 3.089106e-02 2.192006e-02 
1.241922e+10 3.164674e-02 2.249663e-02 
1.219232e+10 3.241957e-02 2.308729e-02 
1.196956e+10 3.321000e-02 2.369237e-02 
1.175088e+10 3.401830e-02 2.431218e-02 
1.153619e+10 3.484494e-02 2.494707e-02 
1.132542e+10 3.569027e-02 2.559738e-02 
1.111850e+10 3.655471e-02 2.626344e-02 
1.091536e+10 3.743868e-02 2.694563e-02 
1.071594e+10 3.834258e-02 2.764430e-02 
1.052016e+10 3.926685e-02 2.835982e-02 
1.032795e+10 4.021178e-02 2.909258e-02 
1.013926e+10 4.117786e-02 2.984296e-02 
9.953992e+09 4.216580e-02 3.061144e-02 
9.772153e+09 4.317573e-02 3.139816e-02 
9.593593e+09 4.420826e-02 3.220389e-02 
9.418337e+09 4.526369e-02 3.302869e-02 
9.246243e+09 4.634286e-02 3.387336e-02 
9.077332e+09 4.744597e-02 3.473795e-02 
8.911469e+09 4.857371e-02 3.562331e-02 
8.748674e+09 4.972631e-02 3.652949e-02 
8.588815e+09 5.090478e-02 3.745737e-02 
8.431915e+09 5.210907e-02 3.840700e-02 
8.277844e+09 5.332344e-02 3.937915e-02 
8.126625e+09 5.458284e-02 4.037388e-02 
7.978132e+09 5.587047e-02 4.139234e-02 
7.832388e+09 5.718634e-02 4.243455e-02 
7.689272e+09 5.853136e-02 4.350154e-02 
7.548805e+09 5.990574e-02 4.459334e-02 
7.410871e+09 6.131078e-02 4.571104e-02 
7.275489e+09 6.274615e-02 4.685465e-02 
7.142549e+09 6.421358e-02 4.802531e-02 
7.012069e+09 6.571252e-02 4.922302e-02 
6.883942e+09 6.724465e-02 5.044898e-02 
6.758186e+09 6.881002e-02 5.170319e-02 
6.634699e+09 7.040981e-02 5.298689e-02 
6.513496e+09 7.204406e-02 5.430009e-02 
6.394480e+09 7.371433e-02 5.564408e-02 
6.277665e+09 7.542052e-02 5.701887e-02 
6.162958e+09 7.716398e-02 5.842580e-02 
6.050373e+09 7.894476e-02 5.986488e-02 
5.939818e+09 8.076459e-02 6.133751e-02 
5.831310e+09 8.262344e-02 6.284369e-02 
5.724759e+09 8.452270e-02 6.438489e-02 
5.620179e+09 8.646262e-02 6.596111e-02 
5.517485e+09 8.844448e-02 6.757387e-02 
5.416692e+09 9.046888e-02 6.922317e-02 
5.317716e+09 9.253719e-02 7.091061e-02 
5.220572e+09 9.464934e-02 7.263618e-02 
5.125180e+09 9.680736e-02 7.440153e-02 
5.031554e+09 9.901120e-02 7.620668e-02 
4.939616e+09 1.012626e-01 7.805333e-02 
4.849379e+09 1.035616e-01 7.994150e-02 
4.760770e+09 1.059103e-01 8.187297e-02 
4.673800e+09 1.083086e-01 8.384773e-02 
4.588399e+09 1.107585e-01 8.586767e-02 
4.504578e+09 1.132600e-01 8.793278e-02 
4.422269e+09 1.158153e-01 9.004500e-02 
4.341483e+09 1.184244e-01 9.220433e-02 
4.262154e+09 1.210893e-01 9.441280e-02 
4.184293e+09 1.238102e-01 9.667040e-02 
4.107836e+09 1.265897e-01 9.897925e-02 
4.032794e+09 1.294271e-01 1.013393e-01 
3.959106e+09 1.323251e-01 1.037529e-01 
3.886781e+09 1.352838e-01 1.062198e-01 
3.815761e+09 1.383056e-01 1.087425e-01 
3.746054e+09 1.413907e-01 1.113208e-01 
3.677605e+09 1.445412e-01 1.139573e-01 
3.610423e+09 1.477576e-01 1.166519e-01 
3.544452e+09 1.510426e-01 1.194070e-01 
3.479702e+09 1.543955e-01 1.222227e-01 
3.416120e+09 1.578201e-01 1.251015e-01 
3.353714e+09 1.613155e-01 1.280434e-01 
3.292434e+09 1.648852e-01 1.310512e-01 
3.232288e+09 1.685290e-01 1.341248e-01 
3.173226e+09 1.722498e-01 1.372670e-01 
3.115258e+09 1.760478e-01 1.404777e-01 
3.058335e+09 1.799264e-01 1.437601e-01 
3.002466e+09 1.838854e-01 1.471138e-01 
2.947603e+09 1.879271e-01 1.505422e-01 
2.893757e+09 1.920527e-01 1.540450e-01 
2.840881e+09 1.962656e-01 1.576256e-01 
2.788984e+09 2.005650e-01 1.612837e-01 
2.738023e+09 2.049549e-01 1.650229e-01 
2.688005e+09 2.094352e-01 1.688429e-01 
2.638888e+09 2.140101e-01 1.727474e-01 
2.590681e+09 2.187119e-01 1.767364e-01 
2.543344e+09 2.234793e-01 1.808137e-01 
2.496882e+09 2.283437e-01 1.849788e-01 
2.451258e+09 2.333099e-01 1.892356e-01 
2.406479e+09 2.383773e-01 1.935838e-01 
2.362506e+09 2.435505e-01 1.980275e-01 
2.319348e+09 2.488293e-01 2.025664e-01 
2.276968e+09 2.542182e-01 2.072049e-01 
2.235373e+09 2.597165e-01 2.119426e-01 
2.194527e+09 2.653292e-01 2.167838e-01 
2.154438e+09 2.710565e-01 2.217285e-01 
2.115071e+09 2.769019e-01 2.267810e-01 
2.076433e+09 2.828665e-01 2.319412e-01 
2.038492e+09 2.889549e-01 2.372138e-01 
2.001253e+09 2.951659e-01 2.425985e-01 
1.964685e+09 3.014794e-01 2.480999e-01 
1.928794e+09 3.079492e-01 2.537179e-01 
1.893551e+09 3.145520e-01 2.594578e-01 
1.858960e+09 3.212895e-01 2.653193e-01 
1.824992e+09 3.281651e-01 2.713077e-01 
1.791653e+09 3.351794e-01 2.774227e-01 
1.758915e+09 3.423384e-01 2.836698e-01 
1.726784e+09 3.496412e-01 2.900488e-01 
1.695231e+09 3.570946e-01 2.965654e-01 
1.664263e+09 3.646973e-01 3.032192e-01 
1.633853e+09 3.724563e-01 3.100162e-01 
1.604006e+09 3.803706e-01 3.169561e-01 
1.574697e+09 3.884480e-01 3.240451e-01 
1.545927e+09 3.966873e-01 3.312837e-01 
1.517683e+09 4.050939e-01 3.386758e-01 
1.489954e+09 4.136700e-01 3.462244e-01 
1.462733e+09 4.224198e-01 3.539328e-01 
1.436008e+09 4.313468e-01 3.618042e-01 
1.409772e+09 4.404523e-01 3.698418e-01 
1.384015e+09 4.497428e-01 3.780490e-01 
1.358729e+09 4.592206e-01 3.864292e-01 
1.333905e+09 4.688890e-01 3.949859e-01 
1.309534e+09 4.787511e-01 4.037228e-01 
1.285609e+09 4.888129e-01 4.126433e-01 
1.262121e+09 4.990763e-01 4.217512e-01 
1.239062e+09 5.095456e-01 4.310502e-01 
1.216424e+09 5.202255e-01 4.405442e-01 
1.194200e+09 5.311195e-01 4.502372e-01 
1.172381e+09 5.422313e-01 4.601330e-01 
1.150962e+09 5.535655e-01 4.702358e-01 
1.129934e+09 5.651271e-01 4.805496e-01 
1.109289e+09 5.769209e-01 4.910788e-01 
1.089023e+09 5.889494e-01 5.018276e-01 
1.069126e+09 6.012180e-01 5.128004e-01 
1.049593e+09 6.137314e-01 5.240017e-01 
1.030417e+09 6.264956e-01 5.354360e-01 
1.011591e+09 6.395148e-01 5.471081e-01 
9.931089e+08 6.527925e-01 5.590226e-01 
9.749647e+08 6.663336e-01 5.711843e-01 
9.571519e+08 6.801464e-01 5.835983e-01 
9.396646e+08 6.942320e-01 5.962694e-01 
9.224968e+08 7.085975e-01 6.092029e-01 
9.056426e+08 7.232499e-01 6.224039e-01 
8.890964e+08 7.381932e-01 6.358777e-01 
8.728525e+08 7.534322e-01 6.496299e-01 
8.569053e+08 7.689734e-01 6.636658e-01 
8.412495e+08 7.848212e-01 6.779911e-01 
8.258798e+08 8.009853e-01 6.926115e-01 
8.107908e+08 8.174685e-01 7.075329e-01 
7.959776e+08 8.342760e-01 7.227613e-01 
7.814350e+08 8.514181e-01 7.383026e-01 
7.671580e+08 8.688974e-01 7.541632e-01 
7.531420e+08 8.867214e-01 7.703492e-01 
7.393820e+08 9.048986e-01 7.868671e-01 
7.258733e+08 9.234335e-01 8.037235e-01 
7.126115e+08 9.423329e-01 8.209251e-01 
6.995919e+08 9.616048e-01 8.384785e-01 
6.868104e+08 9.812567e-01 8.563908e-01 
6.742622e+08 1.001292e+00 8.746691e-01 
6.619433e+08 1.021726e+00 8.933204e-01 
6.498495e+08 1.042557e+00 9.123521e-01 
6.379767e+08 1.063798e+00 9.317718e-01 
6.263208e+08 1.085458e+00 9.515870e-01 
6.148778e+08 1.107541e+00 9.718054e-01 
6.036438e+08 1.130057e+00 9.924351e-01 
5.926152e+08 1.153010e+00 1.013484e+00 
5.817880e+08 1.176417e+00 1.034960e+00 
5.711587e+08 1.200280e+00 1.056872e+00 
5.607235e+08 1.224608e+00 1.079229e+00 
5.504790e+08 1.249413e+00 1.102038e+00 
5.404217e+08 1.274704e+00 1.125309e+00 
5.305481e+08 1.300485e+00 1.149051e+00 
5.208549e+08 1.326771e+00 1.173274e+00 
5.113388e+08 1.353567e+00 1.197985e+00 
5.019966e+08 1.380887e+00 1.223196e+00 
4.928250e+08 1.408739e+00 1.248915e+00 
4.838211e+08 1.437129e+00 1.275152e+00 
4.749816e+08 1.466074e+00 1.301919e+00 
4.663036e+08 1.495596e+00 1.329224e+00 
4.577841e+08 1.525688e+00 1.357079e+00 
4.494204e+08 1.556358e+00 1.385494e+00 
4.412094e+08 1.587628e+00 1.414480e+00 
4.331484e+08 1.619506e+00 1.444048e+00 
4.252348e+08 1.651999e+00 1.474210e+00 
4.174656e+08 1.685124e+00 1.504977e+00 
4.098385e+08 1.718895e+00 1.536360e+00 
4.023507e+08 1.753316e+00 1.568373e+00 
3.949997e+08 1.788404e+00 1.601026e+00 
3.877830e+08 1.824175e+00 1.634332e+00 
3.806981e+08 1.860633e+00 1.668304e+00 
3.737427e+08 1.897803e+00 1.702955e+00 
3.669144e+08 1.935685e+00 1.738299e+00 
3.602108e+08 1.974297e+00 1.774347e+00 
3.536297e+08 2.013660e+00 1.811114e+00 
3.471688e+08 2.042680e+00 1.848512e+00 
3.408260e+08 2.083199e+00 1.886550e+00 
3.345990e+08 2.124501e+00 1.925344e+00 
3.284859e+08 2.166600e+00 1.964906e+00 
3.224844e+08 2.209511e+00 2.005251e+00 
3.165925e+08 2.253238e+00 2.046396e+00 
3.108084e+08 2.297811e+00 2.088355e+00 
3.051298e+08 2.343243e+00 2.131143e+00 
2.995551e+08 2.389545e+00 2.174777e+00 
2.940821e+08 2.436738e+00 2.219273e+00 
2.887092e+08 2.484835e+00 2.264648e+00 
2.834345e+08 2.533858e+00 2.310918e+00 
2.782561e+08 2.583820e+00 2.358101e+00 
2.731723e+08 2.634732e+00 2.406214e+00 
2.681814e+08 2.686625e+00 2.455274e+00 
2.632817e+08 2.739512e+00 2.505301e+00 
2.584715e+08 2.793413e+00 2.556312e+00 
2.537492e+08 2.848342e+00 2.608326e+00 
2.491131e+08 2.904318e+00 2.661363e+00 
2.445613e+08 2.961375e+00 2.715449e+00 
2.400936e+08 3.019511e+00 2.770583e+00 
2.357066e+08 3.078760e+00 2.826813e+00 
2.314007e+08 3.139127e+00 2.884133e+00 
2.271724e+08 3.200661e+00 2.942590e+00 
2.230225e+08 3.263349e+00 3.002178e+00 
2.189473e+08 3.327246e+00 3.062947e+00 
2.149476e+08 3.392350e+00 3.124892e+00 
2.110200e+08 3.458700e+00 3.188063e+00 
2.071651e+08 3.526291e+00 3.252454e+00 
2.033797e+08 3.595185e+00 3.318118e+00 
1.996644e+08 3.665375e+00 3.385050e+00 
1.960161e+08 3.764128e+00 3.453554e+00 
1.924352e+08 3.837729e+00 3.523632e+00 
1.889190e+08 3.912751e+00 3.595096e+00 
1.854678e+08 3.989182e+00 3.667940e+00 
1.820789e+08 4.067080e+00 3.742224e+00 
1.787527e+08 4.146438e+00 3.817940e+00 
1.754865e+08 4.227321e+00 3.895151e+00 
1.722807e+08 4.309714e+00 3.973850e+00 
1.691327e+08 4.393705e+00 4.054101e+00 
1.660430e+08 4.479252e+00 4.135896e+00 
1.630090e+08 4.566445e+00 4.219303e+00 
1.600312e+08 4.655267e+00 4.304313e+00 
1.571070e+08 4.745800e+00 4.390997e+00 
1.542370e+08 4.838018e+00 4.479345e+00 
1.514187e+08 4.932008e+00 4.569431e+00 
1.486526e+08 5.027745e+00 4.661245e+00 
1.459364e+08 5.125328e+00 4.754863e+00 
1.432704e+08 5.224724e+00 4.850274e+00 
1.406525e+08 5.326019e+00 4.947559e+00 
1.380831e+08 5.429213e+00 5.046705e+00 
1.355600e+08 5.534378e+00 5.147797e+00 
1.330836e+08 5.641499e+00 5.250821e+00 
1.306519e+08 5.750673e+00 5.355864e+00 
1.282651e+08 5.861876e+00 5.462914e+00 
1.259214e+08 5.975198e+00 5.572060e+00 
1.236211e+08 6.090648e+00 5.683288e+00 
1.213622e+08 6.208296e+00 5.796693e+00 
1.191452e+08 6.328124e+00 5.912259e+00 
1.169681e+08 6.450239e+00 6.030084e+00 
1.148314e+08 6.574632e+00 6.150153e+00 
1.127331e+08 6.701397e+00 6.272567e+00 
1.106737e+08 6.830523e+00 6.397310e+00 
1.086515e+08 6.962100e+00 6.524487e+00 
1.066666e+08 7.096136e+00 6.654082e+00 
1.047176e+08 7.232710e+00 6.786204e+00 
1.028046e+08 7.371819e+00 6.920835e+00 
1.009261e+08 7.513581e+00 7.058088e+00 
9.908229e+07 7.657977e+00 7.197955e+00 
9.727203e+07 7.805109e+00 7.340517e+00 
9.549486e+07 7.954988e+00 7.485818e+00 
9.375015e+07 8.107687e+00 7.633909e+00 
9.203733e+07 8.263236e+00 7.784842e+00 
9.035579e+07 8.421715e+00 7.938670e+00 
8.870498e+07 8.583166e+00 8.095447e+00 
8.708432e+07 8.747654e+00 8.255229e+00 
8.549328e+07 8.915220e+00 8.418073e+00 
8.393130e+07 9.085887e+00 8.584035e+00 
8.239786e+07 9.259778e+00 8.753174e+00 
8.089245e+07 9.436922e+00 8.925550e+00 
7.941453e+07 9.617419e+00 9.101222e+00 
7.796362e+07 9.801228e+00 9.280253e+00 
7.653921e+07 9.988486e+00 9.462706e+00 
7.514082e+07 1.017927e+01 9.648644e+00 
7.376799e+07 1.037361e+01 9.838132e+00 
7.242024e+07 1.057156e+01 1.003124e+01 
7.109711e+07 1.077322e+01 1.022803e+01 
6.979815e+07 1.097866e+01 1.042857e+01 
6.852293e+07 1.118793e+01 1.063294e+01 
6.727101e+07 1.140107e+01 1.084120e+01 
6.604196e+07 1.161822e+01 1.105342e+01 
6.483536e+07 1.183941e+01 1.126969e+01 
6.365081e+07 1.206469e+01 1.149008e+01 
6.248783e+07 1.229422e+01 1.171467e+01 
6.134617e+07 1.252798e+01 1.194352e+01 
6.022536e+07 1.276613e+01 1.217672e+01 
5.912504e+07 1.300869e+01 1.241435e+01 
5.804482e+07 1.325576e+01 1.265650e+01 
5.698433e+07 1.350744e+01 1.290324e+01 
5.594322e+07 1.376381e+01 1.315467e+01 
5.492112e+07 1.402492e+01 1.341087e+01 
5.391771e+07 1.429089e+01 1.367193e+01 
5.293262e+07 1.456183e+01 1.393794e+01 
5.196554e+07 1.483776e+01 1.420899e+01 
5.101612e+07 1.511885e+01 1.448518e+01 
5.008405e+07 1.540516e+01 1.476660e+01 
4.916900e+07 1.569678e+01 1.505334e+01 
4.827068e+07 1.599377e+01 1.534551e+01 
4.738876e+07 1.629631e+01 1.564321e+01 
4.652297e+07 1.660446e+01 1.594654e+01 
4.567298e+07 1.691828e+01 1.625561e+01 
4.483853e+07 1.723793e+01 1.657051e+01 
4.401932e+07 1.756355e+01 1.689137e+01 
4.321509e+07 1.789519e+01 1.721828e+01 
4.242554e+07 1.823290e+01 1.755137e+01 
4.165042e+07 1.857691e+01 1.789074e+01 
4.088946e+07 1.892728e+01 1.823651e+01 
4.014240e+07 1.928418e+01 1.858880e+01 
3.940900e+07 1.964759e+01 1.894774e+01 
3.868899e+07 2.001774e+01 1.931343e+01 
3.798213e+07 2.039476e+01 1.968602e+01 
3.728819e+07 2.077874e+01 2.006562e+01 
3.660693e+07 2.116981e+01 2.045237e+01 
3.593812e+07 2.156804e+01 2.084639e+01 
3.528152e+07 2.197371e+01 2.124783e+01 
3.463692e+07 2.238687e+01 2.165681e+01 
3.400410e+07 2.280759e+01 2.207348e+01 
3.338284e+07 2.323610e+01 2.249798e+01 
3.277293e+07 2.367258e+01 2.293046e+01 
3.217417e+07 2.411706e+01 2.337106e+01 
3.158634e+07 2.456967e+01 2.381993e+01 
3.100925e+07 2.503066e+01 2.427722e+01 
3.044271e+07 2.550019e+01 2.474310e+01 
2.988652e+07 2.597840e+01 2.521771e+01 
2.934049e+07 2.646531e+01 2.570121e+01 
2.880443e+07 2.696126e+01 2.619378e+01 
2.827817e+07 2.746631e+01 2.669558e+01 
2.776152e+07 2.798066e+01 2.720678e+01 
2.725432e+07 2.850445e+01 2.772754e+01 
2.675638e+07 2.903795e+01 2.825806e+01 
2.626753e+07 2.958128e+01 2.879850e+01 
2.578762e+07 3.013459e+01 2.934906e+01 
2.531648e+07 3.069804e+01 2.990991e+01 
2.485394e+07 3.127183e+01 3.048124e+01 
2.439986e+07 3.185631e+01 3.106325e+01 
2.395407e+07 3.245142e+01 3.165614e+01 
2.351642e+07 3.305753e+01 3.226011e+01 
2.308678e+07 3.367473e+01 3.287535e+01 
2.266498e+07 3.430341e+01 3.350208e+01 
2.225088e+07 3.494349e+01 3.414050e+01 
2.184436e+07 3.559533e+01 3.479084e+01 
2.144526e+07 3.625921e+01 3.545330e+01 
2.105345e+07 3.693534e+01 3.612813e+01 
2.066880e+07 3.762382e+01 3.681553e+01 
2.029118e+07 3.832491e+01 3.751574e+01 
1.992045e+07 3.903889e+01 3.822900e+01 
1.955650e+07 3.976603e+01 3.895555e+01 
1.919920e+07 4.050647e+01 3.969562e+01 
1.884843e+07 4.126044e+01 4.044948e+01 
1.850407e+07 4.202831e+01 4.121736e+01 
1.816600e+07 4.281031e+01 4.199954e+01 
1.783410e+07 4.360658e+01 4.279626e+01 
1.750827e+07 4.441751e+01 4.360781e+01 
1.718839e+07 4.524321e+01 4.443444e+01 
1.687436e+07 4.608405e+01 4.527644e+01 
1.656606e+07 4.694027e+01 4.613408e+01 
1.626340e+07 4.781224e+01 4.700765e+01 
1.596626e+07 4.870013e+01 4.789745e+01 
1.567455e+07 4.960432e+01 4.880378e+01 
1.538818e+07 5.052504e+01 4.972693e+01 
1.510703e+07 5.146265e+01 5.066721e+01 
1.483103e+07 5.241735e+01 5.162493e+01 
1.456006e+07 5.338949e+01 5.260043e+01 
1.429405e+07 5.437943e+01 5.359401e+01 
1.403289e+07 5.538744e+01 5.460601e+01 
1.377651e+07 5.641401e+01 5.563677e+01 
1.352481e+07 5.745913e+01 5.668663e+01 
1.327771e+07 5.852357e+01 5.775594e+01 
1.303512e+07 5.960742e+01 5.884505e+01 
1.279697e+07 6.071101e+01 5.995434e+01 
1.256317e+07 6.183470e+01 6.108415e+01 
1.233364e+07 6.297891e+01 6.223488e+01 
1.210830e+07 6.414422e+01 6.340690e+01 
1.188708e+07 6.533064e+01 6.460060e+01 
1.166990e+07 6.653866e+01 6.581637e+01 
1.145669e+07 6.776897e+01 6.705463e+01 
1.124737e+07 6.902159e+01 6.831578e+01 
1.104188e+07 7.029704e+01 6.960023e+01 
1.084015e+07 7.159573e+01 7.090842e+01 
1.064210e+07 7.291805e+01 7.224077e+01 
1.044766e+07 7.426463e+01 7.359773e+01 
1.025678e+07 7.563572e+01 7.497975e+01 
1.006939e+07 7.703178e+01 7.638727e+01 
9.885420e+06 7.845335e+01 7.782078e+01 
9.704812e+06 7.990073e+01 7.928073e+01 
9.527503e+06 8.094881e+01 8.076369e+01 
9.353434e+06 8.244952e+01 8.227015e+01 
9.182546e+06 8.397765e+01 8.380454e+01 
9.014779e+06 8.553403e+01 8.536736e+01 
8.850078e+06 8.711890e+01 8.695914e+01 
8.688386e+06 8.873308e+01 8.858042e+01 
8.529648e+06 9.037683e+01 9.023173e+01 
8.373810e+06 9.205064e+01 9.191363e+01 
8.220819e+06 9.375525e+01 9.362668e+01 
8.070624e+06 9.549092e+01 9.537144e+01 
7.923172e+06 9.725871e+01 9.714851e+01 
7.778414e+06 9.905887e+01 9.895847e+01 
7.636302e+06 1.008923e+02 1.008019e+02 
7.496785e+06 1.027591e+02 1.026795e+02 
7.359818e+06 1.046602e+02 1.045918e+02 
7.225353e+06 1.065963e+02 1.065395e+02 
7.093344e+06 1.085677e+02 1.085232e+02 
6.963748e+06 1.105754e+02 1.105436e+02 
6.836520e+06 1.126201e+02 1.126014e+02 
6.711615e+06 1.147021e+02 1.146972e+02 
6.588993e+06 1.168226e+02 1.168318e+02 
6.468611e+06 1.189817e+02 1.190058e+02 
6.350428e+06 1.211806e+02 1.212200e+02 
6.234406e+06 1.234197e+02 1.234751e+02 
6.120502e+06 1.257000e+02 1.257718e+02 
6.008679e+06 1.280220e+02 1.281110e+02 
5.898900e+06 1.303868e+02 1.304935e+02 
5.791126e+06 1.327949e+02 1.329199e+02 
5.685322e+06 1.352476e+02 1.353911e+02 
5.581450e+06 1.377447e+02 1.379080e+02 
5.479476e+06 1.402879e+02 1.404713e+02 
5.379365e+06 1.428778e+02 1.430820e+02 
5.281083e+06 1.455150e+02 1.457408e+02 
5.184597e+06 1.482007e+02 1.484488e+02 
5.089874e+06 1.509357e+02 1.512067e+02 
4.996881e+06 1.537208e+02 1.540155e+02 
4.905587e+06 1.565570e+02 1.568761e+02 
4.815962e+06 1.594452e+02 1.597895e+02 
4.727973e+06 1.623864e+02 1.627566e+02 
4.641592e+06 1.653813e+02 1.657785e+02 
4.556790e+06 1.684314e+02 1.688561e+02 
4.473536e+06 1.715369e+02 1.719905e+02 
4.391804e+06 1.746994e+02 1.751826e+02 
4.311566e+06 1.779207e+02 1.784336e+02 
4.232792e+06 1.811998e+02 1.817445e+02 
4.155459e+06 1.845395e+02 1.851165e+02 
4.079538e+06 1.883014e+02 1.885539e+02 
4.005004e+06 1.917394e+02 1.920577e+02 
3.931828e+06 1.952400e+02 1.956257e+02 
3.859992e+06 1.988036e+02 1.992586e+02 
3.789470e+06 2.024310e+02 2.029578e+02 
3.720236e+06 2.061245e+02 2.067245e+02 
3.652266e+06 2.098846e+02 2.105599e+02 
3.585539e+06 2.137124e+02 2.144653e+02 
3.520031e+06 2.176092e+02 2.184419e+02 
3.455719e+06 2.215761e+02 2.224910e+02 
3.392583e+06 2.256149e+02 2.266139e+02 
3.330600e+06 2.297269e+02 2.308119e+02 
3.269749e+06 2.339124e+02 2.350865e+02 
3.210010e+06 2.381737e+02 2.394389e+02 
3.151363e+06 2.425117e+02 2.438706e+02 
3.093787e+06 2.469275e+02 2.483830e+02 
3.037263e+06 2.514228e+02 2.529776e+02 
2.981772e+06 2.559992e+02 2.576558e+02 
2.927294e+06 2.606584e+02 2.624192e+02 
2.873812e+06 2.654006e+02 2.672692e+02 
2.821308e+06 2.702286e+02 2.722074e+02 
2.769762e+06 2.751436e+02 2.772355e+02 
2.719158e+06 2.801465e+02 2.823551e+02 
2.669478e+06 2.845573e+02 2.875614e+02 
2.620706e+06 2.897341e+02 2.928561e+02 
2.572826e+06 2.950044e+02 2.982471e+02 
2.525820e+06 3.003702e+02 3.037362e+02 
2.479673e+06 3.058320e+02 3.093251e+02 
2.434369e+06 3.113925e+02 3.150157e+02 
2.389892e+06 3.170538e+02 3.208097e+02 
2.346229e+06 3.228162e+02 3.267090e+02 
2.303363e+06 3.286826e+02 3.327155e+02 
2.261280e+06 3.346554e+02 3.388312e+02 
2.219966e+06 3.407353e+02 3.450580e+02 
2.179407e+06 3.469495e+02 3.513981e+02 
2.139589e+06 3.532498e+02 3.578537e+02 
2.100498e+06 3.596628e+02 3.644264e+02 
2.062122e+06 3.661920e+02 3.711184e+02 
2.024447e+06 3.728380e+02 3.779320e+02 
1.987460e+06 3.796031e+02 3.848691e+02 
1.951149e+06 3.864912e+02 3.919322e+02 
1.915501e+06 3.935021e+02 3.991234e+02 
1.880504e+06 4.006406e+02 4.064450e+02 
1.846147e+06 4.079065e+02 4.138995e+02 
1.812418e+06 4.153029e+02 4.214891e+02 
1.779305e+06 4.228332e+02 4.292163e+02 
1.746797e+06 4.304975e+02 4.370837e+02 
1.714882e+06 4.383004e+02 4.450936e+02 
1.683551e+06 4.462435e+02 4.532487e+02 
1.652792e+06 4.543291e+02 4.615516e+02 
1.622596e+06 4.625615e+02 4.700049e+02 
1.592951e+06 4.709409e+02 4.786114e+02 
1.563846e+06 4.794706e+02 4.873743e+02 
1.535274e+06 4.881545e+02 4.962953e+02 
1.507224e+06 4.969939e+02 5.053780e+02 
1.479687e+06 5.059914e+02 5.146250e+02 
1.452653e+06 5.151520e+02 5.240395e+02 
1.426113e+06 5.244768e+02 5.336244e+02 
1.400057e+06 5.339690e+02 5.433828e+02 
1.374478e+06 5.436311e+02 5.533178e+02 
1.349366e+06 5.534667e+02 5.634326e+02 
1.324713e+06 5.634799e+02 5.737303e+02 
1.300510e+06 5.736713e+02 5.842144e+02 
1.276750e+06 5.840475e+02 5.948880e+02 
1.253423e+06 5.946075e+02 6.057547e+02 
1.230523e+06 6.053597e+02 6.168179e+02 
1.208041e+06 6.163051e+02 6.280811e+02 
1.185970e+06 6.274442e+02 6.395479e+02 
1.164302e+06 6.387847e+02 6.512219e+02 
1.143030e+06 6.503303e+02 6.631070e+02 
1.122147e+06 6.620806e+02 6.752069e+02 
1.101645e+06 6.740427e+02 6.875253e+02 
1.081518e+06 6.862197e+02 7.000663e+02 
1.061758e+06 6.986159e+02 7.128339e+02 
1.042360e+06 7.112334e+02 7.258321e+02 
1.023316e+06 7.240779e+02 7.390650e+02 
1.004620e+06 7.371533e+02 7.525369e+02 
9.862653e+05 7.504615e+02 7.662521e+02 
9.682461e+05 7.640115e+02 7.802148e+02 
9.505561e+05 7.778024e+02 7.944297e+02 
9.331893e+05 7.918412e+02 8.089011e+02 
9.161398e+05 8.061320e+02 8.236337e+02 
8.994018e+05 8.206787e+02 8.386321e+02 
8.829696e+05 8.354872e+02 8.539013e+02 
8.668376e+05 8.505598e+02 8.694459e+02 
8.510004e+05 8.659045e+02 8.852709e+02 
8.354524e+05 8.815240e+02 9.013814e+02 
8.201886e+05 8.974238e+02 9.177825e+02 
8.052036e+05 9.136080e+02 9.344794e+02 
7.904924e+05 9.300847e+02 9.514774e+02 
7.760500e+05 9.468531e+02 9.687820e+02 
7.618715e+05 9.639276e+02 9.863985e+02 
7.479520e+05 9.813028e+02 1.004333e+03 
7.342868e+05 9.989926e+02 1.022590e+03 
7.208712e+05 1.017001e+03 1.041177e+03 
7.077008e+05 1.035331e+03 1.060098e+03 
6.947710e+05 1.053989e+03 1.079361e+03 
6.820775e+05 1.072982e+03 1.098971e+03 
6.696158e+05 1.092316e+03 1.118934e+03 
6.573818e+05 1.111995e+03 1.139256e+03 
6.453714e+05 1.132027e+03 1.159945e+03 
6.335803e+05 1.152420e+03 1.181007e+03 
6.220048e+05 1.173178e+03 1.202448e+03 
6.106406e+05 1.194308e+03 1.224275e+03 
5.994841e+05 1.215817e+03 1.246495e+03 
5.885314e+05 1.237714e+03 1.269116e+03 
5.777789e+05 1.259999e+03 1.292144e+03 
5.672228e+05 1.282684e+03 1.315586e+03 
5.568596e+05 1.305773e+03 1.339450e+03 
5.466856e+05 1.329279e+03 1.363744e+03 
5.366976e+05 1.353211e+03 1.388476e+03 
5.268921e+05 1.377559e+03 1.413652e+03 
5.172657e+05 1.402354e+03 1.439282e+03 
5.078151e+05 1.427589e+03 1.465373e+03 
4.985373e+05 1.453275e+03 1.491933e+03 
4.894289e+05 1.479421e+03 1.518971e+03 
4.804870e+05 1.506033e+03 1.546496e+03 
4.717084e+05 1.533126e+03 1.574515e+03 
4.630902e+05 1.560704e+03 1.603039e+03 
4.546295e+05 1.588769e+03 1.632076e+03 
4.463234e+05 1.617335e+03 1.661635e+03 
4.381690e+05 1.646417e+03 1.691725e+03 
4.301636e+05 1.676015e+03 1.722356e+03 
4.223044e+05 1.706141e+03 1.753538e+03 
4.145888e+05 1.736808e+03 1.785281e+03 
4.070142e+05 1.768022e+03 1.817594e+03 
3.995780e+05 1.799797e+03 1.850487e+03 
3.922777e+05 1.832136e+03 1.883972e+03 
3.851107e+05 1.865053e+03 1.918059e+03 
3.780747e+05 1.898558e+03 1.952758e+03 
3.711672e+05 1.932660e+03 1.988080e+03 
3.643859e+05 1.967368e+03 2.024036e+03 
3.577285e+05 2.002696e+03 2.060638e+03 
3.511928e+05 2.038662e+03 2.097898e+03 
3.447764e+05 2.075264e+03 2.135826e+03 
3.384773e+05 2.112517e+03 2.174436e+03 
3.322933e+05 2.150442e+03 2.213739e+03 
3.262222e+05 2.189035e+03 2.253747e+03 
3.202621e+05 2.228316e+03 2.294473e+03 
3.144109e+05 2.268302e+03 2.335929e+03 
3.086665e+05 2.308999e+03 2.378130e+03 
3.030272e+05 2.350424e+03 2.421088e+03 
2.974908e+05 2.392588e+03 2.464816e+03 
2.920556e+05 2.435504e+03 2.509329e+03 
2.867197e+05 2.479186e+03 2.554640e+03 
2.814813e+05 2.523644e+03 2.600764e+03 
2.763386e+05 2.568895e+03 2.647715e+03 
2.712898e+05 2.614953e+03 2.695508e+03 
2.663333e+05 2.661833e+03 2.744158e+03 
2.614674e+05 2.709553e+03 2.793679e+03 
2.566903e+05 2.758118e+03 2.844089e+03 
2.520006e+05 2.807550e+03 2.895402e+03 
2.473965e+05 2.857867e+03 2.947635e+03 
2.428765e+05 2.909072e+03 3.000803e+03 
2.384391e+05 2.961197e+03 3.054924e+03 
2.340828e+05 3.014252e+03 3.110015e+03 
2.298061e+05 3.068250e+03 3.166093e+03 
2.256075e+05 3.123208e+03 3.223176e+03 
2.214856e+05 3.179149e+03 3.281281e+03 
2.174390e+05 3.236088e+03 3.340426e+03 
2.134664e+05 3.294040e+03 3.400631e+03 
2.095663e+05 3.353024e+03 3.461914e+03 
2.057375e+05 3.413060e+03 3.524294e+03 
2.019787e+05 3.474165e+03 3.587792e+03 
1.982885e+05 3.536365e+03 3.652426e+03 
1.946657e+05 3.599675e+03 3.718217e+03 
1.911092e+05 3.664101e+03 3.785185e+03 
1.876176e+05 3.729683e+03 3.853353e+03 
1.841898e+05 3.796432e+03 3.922740e+03 
1.808246e+05 3.864370e+03 3.993369e+03 
1.775209e+05 3.933522e+03 4.065263e+03 
1.742776e+05 4.003895e+03 4.138442e+03 
1.710935e+05 4.075541e+03 4.212931e+03 
1.679676e+05 4.148457e+03 4.288752e+03 
1.648988e+05 4.222670e+03 4.365930e+03 
1.618861e+05 4.298199e+03 4.444489e+03 
1.589284e+05 4.375087e+03 4.524453e+03 
1.560247e+05 4.453333e+03 4.605847e+03 
1.531741e+05 4.532974e+03 4.688697e+03 
1.503756e+05 4.614051e+03 4.773028e+03 
1.476282e+05 4.696551e+03 4.858868e+03 
1.449310e+05 4.782367e+03 4.946259e+03 
1.422831e+05 4.867924e+03 5.035231e+03 
1.396836e+05 4.954997e+03 5.125794e+03 
1.371316e+05 5.043628e+03 5.217976e+03 
1.346261e+05 5.133832e+03 5.311808e+03 
1.321665e+05 5.225626e+03 5.407318e+03 
1.297518e+05 5.319067e+03 5.504535e+03 
1.273812e+05 5.414191e+03 5.603491e+03 
1.250538e+05 5.510997e+03 5.704222e+03 
1.227691e+05 5.609523e+03 5.806748e+03 
1.205260e+05 5.709799e+03 5.911108e+03 
1.183240e+05 5.811856e+03 6.017332e+03 
1.161622e+05 5.915749e+03 6.125455e+03 
1.140399e+05 6.021479e+03 6.235511e+03 
1.119564e+05 6.129096e+03 6.347534e+03 
1.099109e+05 6.238627e+03 6.461559e+03 
1.079028e+05 6.350109e+03 6.577622e+03 
1.059314e+05 6.463560e+03 6.695758e+03 
1.039961e+05 6.579057e+03 6.816005e+03 
1.020960e+05 6.696591e+03 6.938401e+03 
1.002307e+05 6.816207e+03 7.062983e+03 
9.839950e+04 6.937980e+03 7.189790e+03 
9.660172e+04 7.061894e+03 7.318863e+03 
9.483680e+04 7.188049e+03 7.450241e+03 
9.310411e+04 7.316433e+03 7.583966e+03 
9.140309e+04 7.447084e+03 7.720079e+03 
8.973314e+04 7.580073e+03 7.858622e+03 
8.809370e+04 7.715421e+03 7.999640e+03 
8.648422e+04 7.853191e+03 8.143176e+03 
8.490414e+04 7.993387e+03 8.289274e+03 
8.335292e+04 8.136123e+03 8.437981e+03 
8.183005e+04 8.281374e+03 8.589343e+03 
8.033501e+04 8.429212e+03 8.743407e+03 
7.886727e+04 8.579680e+03 8.900222e+03 
7.742636e+04 8.732800e+03 9.059835e+03 
7.601177e+04 8.888672e+03 9.222297e+03 
7.462302e+04 9.047312e+03 9.387659e+03 
7.325965e+04 9.208791e+03 9.555972e+03 
7.192118e+04 9.373105e+03 9.727289e+03 
7.060717e+04 9.540354e+03 9.901662e+03 
6.931717e+04 9.710587e+03 1.007915e+04 
6.805073e+04 9.883844e+03 1.025980e+04 
6.680744e+04 1.006017e+04 1.044367e+04 
6.558685e+04 1.023965e+04 1.063083e+04 
6.438857e+04 1.042232e+04 1.082132e+04 
6.321218e+04 1.060823e+04 1.101522e+04 
6.205729e+04 1.079747e+04 1.121257e+04 
6.092349e+04 1.099004e+04 1.141344e+04 
5.981041e+04 1.118604e+04 1.161789e+04 
5.871767e+04 1.138553e+04 1.182599e+04 
5.764489e+04 1.158855e+04 1.203780e+04 
5.659170e+04 1.179521e+04 1.225339e+04 
5.555777e+04 1.200554e+04 1.247282e+04 
5.454272e+04 1.221960e+04 1.269617e+04 
5.354621e+04 1.243746e+04 1.292349e+04 
5.256792e+04 1.265918e+04 1.315487e+04 
5.160749e+04 1.288487e+04 1.339038e+04 
5.066462e+04 1.311454e+04 1.363008e+04 
4.973897e+04 1.334831e+04 1.387406e+04 
4.883023e+04 1.358624e+04 1.412238e+04 
4.793809e+04 1.382839e+04 1.437513e+04 
4.706226e+04 1.407482e+04 1.463239e+04 
4.620242e+04 1.432566e+04 1.489423e+04 
4.535830e+04 1.458095e+04 1.516073e+04 
4.452959e+04 1.484079e+04 1.543199e+04 
4.371603e+04 1.510519e+04 1.570808e+04 
4.291733e+04 1.537436e+04 1.598909e+04 
4.213323e+04 1.564824e+04 1.627510e+04 
4.136345e+04 1.592705e+04 1.656621e+04 
4.060773e+04 1.621083e+04 1.686251e+04 
3.986582e+04 1.649963e+04 1.716408e+04 
3.913747e+04 1.679355e+04 1.747103e+04 
3.842242e+04 1.709267e+04 1.778345e+04 
3.772044e+04 1.739712e+04 1.810143e+04 
3.703128e+04 1.770697e+04 1.842507e+04 
3.635471e+04 1.802238e+04 1.875448e+04 
3.569050e+04 1.834338e+04 1.908976e+04 
3.503843e+04 1.867007e+04 1.943100e+04 
3.439828e+04 1.900258e+04 1.977833e+04 
3.376982e+04 1.934098e+04 2.013184e+04 
3.315284e+04 1.968543e+04 2.049165e+04 
3.254713e+04 2.003594e+04 2.085786e+04 
3.195249e+04 2.039269e+04 2.123059e+04 
3.136871e+04 2.075581e+04 2.160996e+04 
3.079560e+04 2.112541e+04 2.199609e+04 
3.023296e+04 2.150158e+04 2.238909e+04 
2.968060e+04 2.188441e+04 2.278909e+04 
2.913833e+04 2.227403e+04 2.319621e+04 
2.860597e+04 2.267055e+04 2.361058e+04 
2.808333e+04 2.307414e+04 2.403233e+04 
2.757025e+04 2.348493e+04 2.446158e+04 
2.706654e+04 2.390305e+04 2.489848e+04 
2.657200e+04 2.432858e+04 2.534318e+04 
2.608652e+04 2.476165e+04 2.579577e+04 
2.560992e+04 2.520242e+04 2.625641e+04 
2.514202e+04 2.565099e+04 2.672526e+04 
2.468267e+04 2.610762e+04 2.720245e+04 
2.423171e+04 2.657229e+04 2.768814e+04 
2.378900e+04 2.704526e+04 2.818247e+04 
2.335437e+04 2.752660e+04 2.868560e+04 
2.292768e+04 2.801650e+04 2.919768e+04 
2.250879e+04 2.851511e+04 2.971887e+04 
2.209755e+04 2.902257e+04 3.024935e+04 
2.169382e+04 2.953904e+04 3.078926e+04 
2.129748e+04 3.006465e+04 3.133878e+04 
2.090837e+04 3.059962e+04 3.189807e+04 
2.052637e+04 3.114415e+04 3.246732e+04 
2.015135e+04 3.169826e+04 3.304670e+04 
1.978318e+04 3.226231e+04 3.363639e+04 
1.942174e+04 3.283627e+04 3.423657e+04 
1.906690e+04 3.342048e+04 3.484743e+04 
1.871855e+04 3.401499e+04 3.546915e+04 
1.837655e+04 3.462015e+04 3.610194e+04 
1.804081e+04 3.523613e+04 3.674598e+04 
1.771121e+04 3.586283e+04 3.740148e+04 
1.738762e+04 3.650078e+04 3.806864e+04 
1.706994e+04 3.715008e+04 3.874767e+04 
1.675807e+04 3.781082e+04 3.943878e+04 
1.645190e+04 3.848332e+04 4.014218e+04 
1.615132e+04 3.916775e+04 4.085808e+04 
1.585624e+04 3.986432e+04 4.158673e+04 
1.556654e+04 4.057335e+04 4.232832e+04 
1.528214e+04 4.129494e+04 4.308311e+04 
1.500293e+04 4.202930e+04 4.385133e+04 
1.472882e+04 4.277665e+04 4.463320e+04 
1.445973e+04 4.353726e+04 4.542898e+04 
1.419554e+04 4.431139e+04 4.623890e+04 
1.393619e+04 4.509927e+04 4.706323e+04 
1.368157e+04 4.590119e+04 4.790221e+04 
1.343161e+04 4.671731e+04 4.875611e+04 
1.318621e+04 4.754792e+04 4.962520e+04 
1.294530e+04 4.839325e+04 5.050973e+04 
1.270879e+04 4.925354e+04 5.140999e+04 
1.247659e+04 5.012914e+04 5.232625e+04 
1.224864e+04 5.102025e+04 5.325881e+04 
1.202486e+04 5.192717e+04 5.420794e+04 
1.180516e+04 5.285029e+04 5.517394e+04 
1.158948e+04 5.378970e+04 5.615711e+04 
1.137774e+04 5.474581e+04 5.715776e+04 
1.116987e+04 5.571891e+04 5.817619e+04 
1.096579e+04 5.670923e+04 5.921273e+04 
1.076545e+04 5.771707e+04 6.026769e+04 
1.056876e+04 5.874292e+04 6.134140e+04 
1.037567e+04 5.978707e+04 6.243419e+04 
1.018610e+04 6.084951e+04 6.354641e+04 
1.000000e+04 6.193081e+04 6.467839e+04 
